  -1.3726554e+05  -1.4472506e+05  -1.4910961e+05  -1.4727922e+05  -1.3886623e+05
  -1.3726499e+05  -1.4473638e+05  -1.4914579e+05  -1.4726007e+05  -1.3887876e+05
  -1.3726306e+05  -1.4475762e+05  -1.4914359e+05  -1.4728522e+05  -1.3877965e+05
  -1.3724545e+05  -1.4480332e+05  -1.4898212e+05  -1.4726592e+05  -1.3886422e+05
  -1.3697923e+05  -1.4482610e+05  -1.4897299e+05  -1.4734191e+05  -1.3893881e+05
  -1.3697261e+05  -1.4486187e+05  -1.4901013e+05  -1.4738259e+05  -1.3917747e+05
  -1.3696854e+05  -1.4489227e+05  -1.4917389e+05  -1.4761349e+05  -1.3926060e+05
  -1.3687384e+05  -1.4495583e+05  -1.4918496e+05  -1.4821834e+05  -1.3934506e+05
  -1.3699066e+05  -1.4497893e+05  -1.4919470e+05  -1.4822087e+05  -1.3926842e+05
  -1.3700321e+05  -1.4498344e+05  -1.4920644e+05  -1.4819527e+05  -1.3902647e+05
  -1.3640686e+05  -1.4501311e+05  -1.4920188e+05  -1.4819134e+05  -1.3910444e+05
  -1.3609839e+05  -1.4501029e+05  -1.4632979e+05  -1.4824834e+05  -1.3849779e+05
  -1.3611624e+05  -1.4473272e+05  -1.4586999e+05  -1.4826904e+05  -1.3843678e+05
  -1.3643305e+05  -1.4497585e+05  -1.4466808e+05  -1.4827682e+05  -1.3902315e+05
  -1.3637212e+05  -1.4499584e+05  -1.4425948e+05  -1.4831569e+05  -1.3912060e+05
  -1.3499068e+05  -1.4491317e+05  -1.4355514e+05  -1.4833681e+05  -1.3949935e+05
  -1.3474034e+05  -1.4491689e+05  -1.4354329e+05  -1.4823367e+05  -1.3958628e+05
  -1.3464241e+05  -1.4491719e+05  -1.4344106e+05  -1.4793453e+05  -1.3959684e+05
  -1.3462555e+05  -1.4491514e+05  -1.4347504e+05  -1.4795530e+05  -1.3967010e+05
  -1.3466076e+05  -1.4465501e+05  -1.4340235e+05  -1.4794168e+05  -1.3979974e+05
  -1.3443405e+05  -1.4466385e+05  -1.4310971e+05  -1.4772179e+05  -1.3977520e+05
  -1.3439131e+05  -1.4463770e+05  -1.4294321e+05  -1.4769554e+05  -1.3953884e+05
  -1.3441974e+05  -1.4461970e+05  -1.4291050e+05  -1.4658271e+05  -1.3948631e+05
  -1.3449620e+05  -1.4455608e+05  -1.4291094e+05  -1.4655135e+05  -1.3951258e+05
  -1.3450409e+05  -1.4435862e+05  -1.4284131e+05  -1.4638184e+05  -1.3952910e+05
  -1.3433278e+05  -1.4405227e+05  -1.4281851e+05  -1.4607227e+05  -1.3950203e+05
  -1.3385243e+05  -1.4214510e+05  -1.4280059e+05  -1.4566225e+05  -1.3937161e+05
  -1.3381782e+05  -1.4191627e+05  -1.4279106e+05  -1.4547440e+05  -1.3947213e+05
  -1.3380791e+05  -1.4192354e+05  -1.4281607e+05  -1.4509783e+05  -1.3964535e+05
  -1.3374901e+05  -1.4188477e+05  -1.4284485e+05  -1.4505000e+05  -1.4081404e+05
  -1.3380939e+05  -1.4181496e+05  -1.4292366e+05  -1.4504740e+05  -1.4083170e+05
  -1.3383964e+05  -1.4178701e+05  -1.4281802e+05  -1.4507739e+05  -1.4083980e+05
  -1.3394123e+05  -1.4173231e+05  -1.4274995e+05  -1.4503404e+05  -1.4084270e+05
  -1.3394613e+05  -1.4163530e+05  -1.4271750e+05  -1.4504197e+05  -1.4076132e+05
  -1.3393615e+05  -1.4165022e+05  -1.4270223e+05  -1.4493145e+05  -1.4078118e+05
  -1.3394613e+05  -1.4155007e+05  -1.4263098e+05  -1.4474605e+05  -1.4123560e+05
  -1.3368752e+05  -1.4152615e+05  -1.4174503e+05  -1.4420481e+05  -1.4105665e+05
  -1.3362577e+05  -1.4138775e+05  -1.4160675e+05  -1.4259252e+05  -1.4105066e+05
  -1.3326422e+05  -1.4135141e+05  -1.4163264e+05  -1.4236268e+05  -1.4102240e+05
  -1.3311175e+05  -1.4101211e+05  -1.4153429e+05  -1.4232106e+05  -1.4113627e+05
  -1.3297080e+05  -1.4097006e+05  -1.4159452e+05  -1.4218068e+05  -1.4108482e+05
  -1.3288903e+05  -1.4083939e+05  -1.4151299e+05  -1.4162104e+05  -1.4108802e+05
  -1.3255678e+05  -1.4084491e+05  -1.4125714e+05  -1.4151388e+05  -1.4110075e+05
  -1.3148042e+05  -1.4003834e+05  -1.4115633e+05  -1.4140585e+05  -1.4086746e+05
  -1.3135067e+05  -1.3980111e+05  -1.4125879e+05  -1.4100526e+05  -1.4085186e+05
  -1.3112664e+05  -1.3964596e+05  -1.4132409e+05  -1.4053138e+05  -1.4070970e+05
  -1.3116915e+05  -1.3953163e+05  -1.4126636e+05  -1.4041285e+05  -1.4067080e+05
  -1.3150851e+05  -1.3953693e+05  -1.4133291e+05  -1.4047320e+05  -1.4074180e+05
  -1.3148812e+05  -1.3948951e+05  -1.4140171e+05  -1.4059310e+05  -1.4069343e+05
  -1.3176055e+05  -1.3946467e+05  -1.4144630e+05  -1.4091293e+05  -1.4078213e+05
  -1.3164479e+05  -1.3923303e+05  -1.4141833e+05  -1.4173601e+05  -1.4074570e+05
  -1.3161187e+05  -1.3910454e+05  -1.4133748e+05  -1.4177675e+05  -1.4075845e+05
  -1.3155763e+05  -1.3915337e+05  -1.4132452e+05  -1.4188682e+05  -1.4082309e+05
  -1.3160749e+05  -1.3885038e+05  -1.4126357e+05  -1.4170163e+05  -1.4085081e+05
  -1.3162944e+05  -1.3911001e+05  -1.4130337e+05  -1.4205473e+05  -1.4086523e+05
  -1.3164141e+05  -1.3935663e+05  -1.4133166e+05  -1.4214008e+05  -1.4093488e+05
  -1.3161926e+05  -1.3956970e+05  -1.4127364e+05  -1.4249918e+05  -1.4104165e+05
  -1.3156088e+05  -1.3986709e+05  -1.4130429e+05  -1.4264771e+05  -1.4098248e+05
  -1.3162594e+05  -1.3987987e+05  -1.4132703e+05  -1.4299934e+05  -1.4080752e+05
  -1.3164357e+05  -1.3989001e+05  -1.4123285e+05  -1.4306689e+05  -1.3952688e+05
  -1.3163176e+05  -1.3991431e+05  -1.4109530e+05  -1.4305135e+05  -1.3945199e+05
  -1.3165276e+05  -1.3989873e+05  -1.4106185e+05  -1.4312448e+05  -1.3942215e+05
  -1.3144972e+05  -1.3989063e+05  -1.4094085e+05  -1.4325441e+05  -1.3937874e+05
  -1.3155673e+05  -1.4009483e+05  -1.4103540e+05  -1.4341477e+05  -1.3940149e+05
  -1.3149155e+05  -1.4021971e+05  -1.4138528e+05  -1.4342456e+05  -1.3925729e+05
  -1.3148255e+05  -1.4028396e+05  -1.4141508e+05  -1.4350100e+05  -1.3824669e+05
  -1.3149746e+05  -1.4025390e+05  -1.4148663e+05  -1.4357688e+05  -1.3836012e+05
  -1.3145691e+05  -1.4022573e+05  -1.4153646e+05  -1.4366168e+05  -1.3816012e+05
  -1.3197343e+05  -1.4014291e+05  -1.4154928e+05  -1.4365573e+05  -1.3808523e+05
  -1.3247258e+05  -1.4004252e+05  -1.4152141e+05  -1.4361896e+05  -1.3776123e+05
  -1.3231986e+05  -1.3996831e+05  -1.4220594e+05  -1.4361664e+05  -1.3773129e+05
  -1.3231638e+05  -1.3996292e+05  -1.4216518e+05  -1.4369478e+05  -1.3776292e+05
  -1.3231257e+05  -1.3994577e+05  -1.4200763e+05  -1.4367766e+05  -1.3774267e+05
  -1.3234202e+05  -1.4002135e+05  -1.4161139e+05  -1.4361045e+05  -1.3744563e+05
  -1.3237344e+05  -1.4020326e+05  -1.4150014e+05  -1.4385780e+05  -1.3716431e+05
  -1.3230691e+05  -1.4028957e+05  -1.4135791e+05  -1.4392851e+05  -1.3679585e+05
  -1.3222971e+05  -1.4033834e+05  -1.4139398e+05  -1.4423768e+05  -1.3710981e+05
  -1.3187265e+05  -1.4046852e+05  -1.4125944e+05  -1.4421782e+05  -1.3699054e+05
  -1.3180838e+05  -1.4087432e+05  -1.4101081e+05  -1.4419111e+05  -1.3718167e+05
  -1.3134274e+05  -1.4087566e+05  -1.4101816e+05  -1.4401882e+05  -1.3678867e+05
  -1.3313538e+05  -1.4082487e+05  -1.4103070e+05  -1.4352006e+05  -1.3675192e+05
  -1.3319409e+05  -1.4080741e+05  -1.4102855e+05  -1.4337059e+05  -1.3675815e+05
  -1.3320189e+05  -1.4083760e+05  -1.4104838e+05  -1.4327055e+05  -1.3663877e+05
  -1.3331200e+05  -1.4078048e+05  -1.4099782e+05  -1.4430730e+05  -1.3661318e+05
  -1.3344917e+05  -1.4055513e+05  -1.4087413e+05  -1.4452911e+05  -1.3655970e+05
  -1.3347995e+05  -1.4031633e+05  -1.4088003e+05  -1.4466255e+05  -1.3648620e+05
  -1.3347660e+05  -1.4013738e+05  -1.4093802e+05  -1.4449050e+05  -1.3622450e+05
  -1.3351602e+05  -1.3985540e+05  -1.4091598e+05  -1.4440704e+05  -1.3605825e+05
  -1.3345137e+05  -1.3944838e+05  -1.4085546e+05  -1.4417684e+05  -1.3634740e+05
  -1.3345382e+05  -1.3943916e+05  -1.4082347e+05  -1.4499146e+05  -1.3636663e+05
  -1.3346265e+05  -1.3947011e+05  -1.4081887e+05  -1.4509222e+05  -1.3638016e+05
  -1.3346046e+05  -1.3945350e+05  -1.4083541e+05  -1.4517568e+05  -1.3640192e+05
  -1.3344292e+05  -1.3950394e+05  -1.4087957e+05  -1.4508264e+05  -1.3707292e+05
  -1.3333643e+05  -1.3924348e+05  -1.4081341e+05  -1.4501251e+05  -1.3746132e+05
  -1.3370352e+05  -1.3900473e+05  -1.4036256e+05  -1.4503964e+05  -1.3747039e+05
  -1.3369512e+05  -1.3898739e+05  -1.4024178e+05  -1.4498161e+05  -1.3750062e+05
  -1.3368627e+05  -1.3913125e+05  -1.4023074e+05  -1.4503219e+05  -1.3753041e+05
  -1.3366882e+05  -1.3924446e+05  -1.4011202e+05  -1.4504817e+05  -1.3766837e+05
  -1.3330698e+05  -1.3956639e+05  -1.3986643e+05  -1.4507207e+05  -1.3767907e+05
  -1.3287412e+05  -1.3958798e+05  -1.3991041e+05  -1.4506390e+05  -1.3771230e+05
  -1.3286968e+05  -1.4005470e+05  -1.3884957e+05  -1.4506142e+05  -1.3785832e+05
  -1.3288781e+05  -1.4022782e+05  -1.4014453e+05  -1.4498103e+05  -1.3784345e+05
  -1.3291403e+05  -1.4028217e+05  -1.4031344e+05  -1.4497791e+05  -1.3784312e+05
  -1.3291228e+05  -1.4023411e+05  -1.4023120e+05  -1.4500119e+05  -1.3777670e+05
  -1.3297005e+05  -1.4017114e+05  -1.4050803e+05  -1.4489179e+05  -1.3794862e+05
  -1.3296878e+05  -1.4014636e+05  -1.4068492e+05  -1.4483680e+05  -1.3795378e+05
  -1.3293770e+05  -1.4016773e+05  -1.4103301e+05  -1.4464946e+05  -1.3771859e+05
  -1.3297582e+05  -1.4003488e+05  -1.4102056e+05  -1.4500655e+05  -1.3766954e+05
  -1.3305823e+05  -1.3957819e+05  -1.4104205e+05  -1.4495127e+05  -1.3751332e+05
  -1.3353009e+05  -1.3947363e+05  -1.4110130e+05  -1.4502553e+05  -1.3747868e+05
  -1.3194861e+05  -1.3951221e+05  -1.4107879e+05  -1.4507587e+05  -1.3772984e+05
  -1.3188436e+05  -1.3960432e+05  -1.4125254e+05  -1.4512486e+05  -1.3775896e+05
  -1.3184416e+05  -1.3962960e+05  -1.4127001e+05  -1.4512350e+05  -1.3775327e+05
  -1.3139190e+05  -1.3968399e+05  -1.4130664e+05  -1.4425999e+05  -1.3766289e+05
  -1.3112537e+05  -1.3965388e+05  -1.4135301e+05  -1.4386580e+05  -1.3765256e+05
  -1.3100264e+05  -1.3967323e+05  -1.4129818e+05  -1.4370618e+05  -1.3759792e+05
  -1.3096407e+05  -1.3972654e+05  -1.4136510e+05  -1.4369288e+05  -1.3768925e+05
  -1.3089535e+05  -1.3973583e+05  -1.4138086e+05  -1.4385882e+05  -1.3770897e+05
  -1.3085504e+05  -1.3978882e+05  -1.4142263e+05  -1.4387469e+05  -1.3740866e+05
  -1.3084483e+05  -1.3990268e+05  -1.4141606e+05  -1.4295965e+05  -1.3769339e+05
  -1.3087202e+05  -1.4055233e+05  -1.4143124e+05  -1.4289757e+05  -1.3781517e+05
  -1.3085300e+05  -1.4092909e+05  -1.4473243e+05  -1.4274900e+05  -1.3800684e+05
  -1.3079133e+05  -1.4093877e+05  -1.4474833e+05  -1.4288524e+05  -1.3759969e+05
  -1.3081979e+05  -1.4097422e+05  -1.4474794e+05  -1.4289378e+05  -1.3723338e+05
  -1.3015025e+05  -1.4099897e+05  -1.4476915e+05  -1.4286933e+05  -1.3724569e+05
  -1.3019646e+05  -1.4096814e+05  -1.4478491e+05  -1.4288715e+05  -1.3716656e+05
  -1.3004764e+05  -1.4091086e+05  -1.4478514e+05  -1.4297950e+05  -1.3737331e+05
  -1.3037354e+05  -1.4094886e+05  -1.4478085e+05  -1.4289480e+05  -1.3724520e+05
  -1.3038994e+05  -1.4074427e+05  -1.4479529e+05  -1.4288087e+05  -1.3724466e+05
  -1.3042096e+05  -1.4074823e+05  -1.4485589e+05  -1.4291364e+05  -1.3721486e+05
  -1.3038559e+05  -1.4036263e+05  -1.4482084e+05  -1.4291952e+05  -1.3701148e+05
  -1.3033230e+05  -1.4021181e+05  -1.4436464e+05  -1.4297706e+05  -1.3700387e+05
  -1.3027756e+05  -1.4008952e+05  -1.4430818e+05  -1.4319669e+05  -1.3694402e+05
  -1.3025394e+05  -1.4002690e+05  -1.4435795e+05  -1.4320817e+05  -1.3681709e+05
  -1.3006721e+05  -1.3993513e+05  -1.4420141e+05  -1.4307314e+05  -1.3643734e+05
  -1.3007325e+05  -1.3981558e+05  -1.4410460e+05  -1.4303396e+05  -1.3635938e+05
  -1.3011316e+05  -1.3972608e+05  -1.4385171e+05  -1.4290130e+05  -1.3626060e+05
  -1.3054582e+05  -1.3969309e+05  -1.4390012e+05  -1.4219677e+05  -1.3636402e+05
  -1.3045920e+05  -1.3964391e+05  -1.4390358e+05  -1.4226612e+05  -1.3672044e+05
  -1.2914266e+05  -1.3964992e+05  -1.4389841e+05  -1.4212962e+05  -1.3681507e+05
  -1.2884048e+05  -1.3979299e+05  -1.4411450e+05  -1.4210149e+05  -1.3743146e+05
  -1.2877911e+05  -1.3970153e+05  -1.4405416e+05  -1.4212932e+05  -1.3755833e+05
  -1.2907903e+05  -1.3977330e+05  -1.4407120e+05  -1.4212779e+05  -1.3889654e+05
  -1.2998780e+05  -1.4012387e+05  -1.4411253e+05  -1.4265047e+05  -1.3911007e+05
  -1.3011429e+05  -1.4012646e+05  -1.4412704e+05  -1.4282392e+05  -1.3948462e+05
  -1.3020304e+05  -1.4009348e+05  -1.4450748e+05  -1.4296151e+05  -1.3961919e+05
  -1.3027897e+05  -1.4007380e+05  -1.4446180e+05  -1.4322893e+05  -1.3957296e+05
  -1.3039463e+05  -1.4011358e+05  -1.4454782e+05  -1.4310401e+05  -1.3957778e+05
  -1.3065807e+05  -1.4030546e+05  -1.4472679e+05  -1.4327626e+05  -1.3973659e+05
  -1.3092181e+05  -1.4019234e+05  -1.4485014e+05  -1.4335451e+05  -1.3952596e+05
  -1.3181067e+05  -1.3966424e+05  -1.4530735e+05  -1.4358875e+05  -1.3968105e+05
  -1.3195978e+05  -1.3914274e+05  -1.4257789e+05  -1.4363633e+05  -1.3961071e+05
  -1.3196300e+05  -1.3906280e+05  -1.4251875e+05  -1.4361117e+05  -1.3953695e+05
  -1.3217601e+05  -1.3904546e+05  -1.4252666e+05  -1.4365496e+05  -1.3950814e+05
  -1.3216672e+05  -1.3897310e+05  -1.4252485e+05  -1.4365034e+05  -1.3948429e+05
  -1.3218105e+05  -1.3915326e+05  -1.4261903e+05  -1.4376854e+05  -1.3947521e+05
  -1.3222468e+05  -1.3925042e+05  -1.4276306e+05  -1.4376072e+05  -1.3926173e+05
  -1.3393833e+05  -1.3953767e+05  -1.4288429e+05  -1.4411785e+05  -1.3937994e+05
  -1.3440435e+05  -1.3956976e+05  -1.4289723e+05  -1.4428702e+05  -1.3942207e+05
  -1.3448502e+05  -1.3958857e+05  -1.4283513e+05  -1.4430590e+05  -1.3940844e+05
  -1.3477953e+05  -1.3966092e+05  -1.4290459e+05  -1.4446336e+05  -1.3951678e+05
  -1.3530674e+05  -1.3972988e+05  -1.4291764e+05  -1.4461974e+05  -1.3960732e+05
  -1.3570078e+05  -1.4013647e+05  -1.4303372e+05  -1.4463687e+05  -1.3988520e+05
  -1.3583916e+05  -1.4051820e+05  -1.4305055e+05  -1.4485659e+05  -1.3988803e+05
  -1.3614539e+05  -1.4112129e+05  -1.4318307e+05  -1.4514954e+05  -1.3991983e+05
  -1.3611915e+05  -1.4142407e+05  -1.4338213e+05  -1.4536375e+05  -1.3996512e+05
  -1.3624887e+05  -1.4171909e+05  -1.4381062e+05  -1.4607836e+05  -1.4020992e+05
  -1.3603275e+05  -1.4169578e+05  -1.4383046e+05  -1.4618216e+05  -1.4017358e+05
  -1.3606855e+05  -1.4172859e+05  -1.4388137e+05  -1.4619945e+05  -1.4006017e+05
  -1.3600381e+05  -1.4184959e+05  -1.4409842e+05  -1.4614294e+05  -1.4002686e+05
  -1.3656475e+05  -1.4212258e+05  -1.4407162e+05  -1.4623828e+05  -1.3977868e+05
  -1.3650695e+05  -1.4209454e+05  -1.4401904e+05  -1.4617123e+05  -1.3969407e+05
  -1.3647389e+05  -1.4199890e+05  -1.4400003e+05  -1.4607041e+05  -1.3890842e+05
  -1.3644147e+05  -1.4183016e+05  -1.4395648e+05  -1.4585666e+05  -1.3884192e+05
  -1.3650471e+05  -1.4179171e+05  -1.4392498e+05  -1.4595749e+05  -1.3848327e+05
  -1.3645774e+05  -1.4184761e+05  -1.4356435e+05  -1.4598062e+05  -1.3843819e+05
  -1.3634055e+05  -1.4185086e+05  -1.4352771e+05  -1.4587315e+05  -1.3841681e+05
  -1.3624494e+05  -1.4181805e+05  -1.4351098e+05  -1.4586906e+05  -1.3846647e+05
  -1.3620952e+05  -1.4178191e+05  -1.4344718e+05  -1.4585202e+05  -1.3831281e+05
  -1.3629373e+05  -1.4185478e+05  -1.4346180e+05  -1.4591609e+05  -1.3856245e+05
  -1.3620747e+05  -1.4173975e+05  -1.4358641e+05  -1.4588750e+05  -1.3865506e+05
  -1.3616991e+05  -1.4176814e+05  -1.4363196e+05  -1.4588665e+05  -1.3863867e+05
  -1.3609998e+05  -1.4179236e+05  -1.4365717e+05  -1.4599455e+05  -1.3866048e+05
  -1.3619422e+05  -1.4181168e+05  -1.4369837e+05  -1.4599443e+05  -1.3869844e+05
  -1.3615418e+05  -1.4180020e+05  -1.4381467e+05  -1.4596733e+05  -1.3867626e+05
  -1.3609940e+05  -1.4193431e+05  -1.4385573e+05  -1.4592820e+05  -1.3871954e+05
  -1.3610336e+05  -1.4194890e+05  -1.4383588e+05  -1.4592385e+05  -1.3867061e+05
  -1.3562605e+05  -1.4190763e+05  -1.4384129e+05  -1.4588779e+05  -1.3862615e+05
  -1.3544892e+05  -1.4191817e+05  -1.4390444e+05  -1.4587018e+05  -1.3857240e+05
  -1.3538872e+05  -1.4186756e+05  -1.4389153e+05  -1.4581635e+05  -1.3852121e+05
  -1.3579282e+05  -1.4191280e+05  -1.4410683e+05  -1.4582723e+05  -1.3843132e+05
  -1.3551272e+05  -1.4191970e+05  -1.4412145e+05  -1.4575259e+05  -1.3834306e+05
  -1.3536974e+05  -1.4183553e+05  -1.4410718e+05  -1.4576070e+05  -1.3798763e+05
  -1.3530123e+05  -1.4176967e+05  -1.4415580e+05  -1.4566716e+05  -1.3806978e+05
  -1.3500548e+05  -1.4135246e+05  -1.4410721e+05  -1.4549300e+05  -1.3817655e+05
  -1.3508959e+05  -1.4151941e+05  -1.4406753e+05  -1.4551066e+05  -1.3826478e+05
  -1.3490333e+05  -1.4141133e+05  -1.4372106e+05  -1.4493139e+05  -1.3791289e+05
  -1.3487514e+05  -1.4148010e+05  -1.4380145e+05  -1.4487483e+05  -1.3815784e+05
  -1.3478259e+05  -1.4143626e+05  -1.4372623e+05  -1.4475838e+05  -1.3842828e+05
  -1.3481278e+05  -1.4136509e+05  -1.4351579e+05  -1.4474780e+05  -1.3858975e+05
  -1.3398543e+05  -1.4102854e+05  -1.4343625e+05  -1.4453876e+05  -1.3849573e+05
  -1.3388316e+05  -1.4104912e+05  -1.4343033e+05  -1.4443003e+05  -1.3853249e+05
  -1.3380293e+05  -1.4108097e+05  -1.4341729e+05  -1.4441511e+05  -1.3883280e+05
  -1.3357404e+05  -1.4101301e+05  -1.4339401e+05  -1.4434900e+05  -1.3877773e+05
  -1.3331498e+05  -1.4110619e+05  -1.4342973e+05  -1.4400251e+05  -1.3885685e+05
  -1.3323903e+05  -1.4107781e+05  -1.4343842e+05  -1.4377186e+05  -1.3881481e+05
  -1.3319923e+05  -1.4098558e+05  -1.4345056e+05  -1.4359491e+05  -1.3883662e+05
  -1.3325215e+05  -1.4101485e+05  -1.4348012e+05  -1.4356167e+05  -1.3897577e+05
  -1.3312433e+05  -1.4099123e+05  -1.4344112e+05  -1.4342007e+05  -1.3901330e+05
  -1.3264283e+05  -1.4092035e+05  -1.4332465e+05  -1.4322759e+05  -1.3880911e+05
  -1.3255128e+05  -1.4095646e+05  -1.4281764e+05  -1.4321052e+05  -1.3855586e+05
  -1.3246862e+05  -1.4102259e+05  -1.4290499e+05  -1.4336015e+05  -1.3861485e+05
  -1.3259312e+05  -1.4106116e+05  -1.4287094e+05  -1.4334787e+05  -1.3859931e+05
  -1.3238159e+05  -1.4101012e+05  -1.4287787e+05  -1.4337613e+05  -1.3872114e+05
  -1.3244047e+05  -1.4097248e+05  -1.4275240e+05  -1.4342091e+05  -1.3888679e+05
  -1.3243648e+05  -1.4065392e+05  -1.4258253e+05  -1.4343030e+05  -1.3884575e+05
  -1.3251636e+05  -1.4063065e+05  -1.4254096e+05  -1.4349645e+05  -1.3886514e+05
  -1.3277997e+05  -1.4077958e+05  -1.4266386e+05  -1.4366716e+05  -1.3898382e+05
  -1.3285509e+05  -1.4083420e+05  -1.4263590e+05  -1.4371026e+05  -1.3905169e+05
  -1.3342021e+05  -1.4094482e+05  -1.4269871e+05  -1.4378885e+05  -1.3909134e+05
