  -1.3732597e+05  -1.4482457e+05  -1.4918344e+05  -1.4741302e+05  -1.3893071e+05
  -1.3731942e+05  -1.4482861e+05  -1.4921532e+05  -1.4739641e+05  -1.3894428e+05
  -1.3732213e+05  -1.4484529e+05  -1.4920976e+05  -1.4742300e+05  -1.3884237e+05
  -1.3730033e+05  -1.4488834e+05  -1.4904449e+05  -1.4740578e+05  -1.3891998e+05
  -1.3703200e+05  -1.4491130e+05  -1.4903365e+05  -1.4747998e+05  -1.3899326e+05
  -1.3702081e+05  -1.4495190e+05  -1.4906505e+05  -1.4751946e+05  -1.3921947e+05
  -1.3701542e+05  -1.4497822e+05  -1.4923163e+05  -1.4775045e+05  -1.3929155e+05
  -1.3692857e+05  -1.4504694e+05  -1.4924537e+05  -1.4834603e+05  -1.3937997e+05
  -1.3704119e+05  -1.4506712e+05  -1.4925284e+05  -1.4834650e+05  -1.3929411e+05
  -1.3705668e+05  -1.4507029e+05  -1.4926368e+05  -1.4832588e+05  -1.3906592e+05
  -1.3646083e+05  -1.4508964e+05  -1.4925188e+05  -1.4832721e+05  -1.3914109e+05
  -1.3615697e+05  -1.4509116e+05  -1.4640884e+05  -1.4838841e+05  -1.3853823e+05
  -1.3618414e+05  -1.4482457e+05  -1.4593595e+05  -1.4839955e+05  -1.3847776e+05
  -1.3647908e+05  -1.4503716e+05  -1.4474601e+05  -1.4839881e+05  -1.3904974e+05
  -1.3642158e+05  -1.4505487e+05  -1.4433512e+05  -1.4844262e+05  -1.3914961e+05
  -1.3504883e+05  -1.4497057e+05  -1.4363301e+05  -1.4847056e+05  -1.3952191e+05
  -1.3479764e+05  -1.4496852e+05  -1.4361845e+05  -1.4834762e+05  -1.3960800e+05
  -1.3469830e+05  -1.4496949e+05  -1.4352094e+05  -1.4805953e+05  -1.3962125e+05
  -1.3469448e+05  -1.4497508e+05  -1.4356352e+05  -1.4807587e+05  -1.3969798e+05
  -1.3472166e+05  -1.4471614e+05  -1.4348428e+05  -1.4805607e+05  -1.3982395e+05
  -1.3450645e+05  -1.4471513e+05  -1.4319178e+05  -1.4782365e+05  -1.3979122e+05
  -1.3445447e+05  -1.4468707e+05  -1.4302313e+05  -1.4779155e+05  -1.3955405e+05
  -1.3447538e+05  -1.4466684e+05  -1.4298784e+05  -1.4667990e+05  -1.3950184e+05
  -1.3454928e+05  -1.4460734e+05  -1.4299610e+05  -1.4664497e+05  -1.3953152e+05
  -1.3455388e+05  -1.4441871e+05  -1.4293041e+05  -1.4647418e+05  -1.3955022e+05
  -1.3438503e+05  -1.4411085e+05  -1.4289884e+05  -1.4615888e+05  -1.3952476e+05
  -1.3390975e+05  -1.4222432e+05  -1.4289064e+05  -1.4574835e+05  -1.3939639e+05
  -1.3386777e+05  -1.4199641e+05  -1.4288317e+05  -1.4555705e+05  -1.3950400e+05
  -1.3385377e+05  -1.4201790e+05  -1.4290871e+05  -1.4519197e+05  -1.3967603e+05
  -1.3379349e+05  -1.4199339e+05  -1.4294400e+05  -1.4514727e+05  -1.4084274e+05
  -1.3384798e+05  -1.4191974e+05  -1.4302790e+05  -1.4514502e+05  -1.4086496e+05
  -1.3388269e+05  -1.4189957e+05  -1.4292847e+05  -1.4517606e+05  -1.4087875e+05
  -1.3398397e+05  -1.4184774e+05  -1.4285965e+05  -1.4513320e+05  -1.4088365e+05
  -1.3398556e+05  -1.4174589e+05  -1.4283664e+05  -1.4513800e+05  -1.4080275e+05
  -1.3397217e+05  -1.4175799e+05  -1.4281573e+05  -1.4502900e+05  -1.4082823e+05
  -1.3398616e+05  -1.4165781e+05  -1.4274894e+05  -1.4484153e+05  -1.4128146e+05
  -1.3372606e+05  -1.4163840e+05  -1.4187166e+05  -1.4429747e+05  -1.4111403e+05
  -1.3366773e+05  -1.4150185e+05  -1.4173472e+05  -1.4271265e+05  -1.4111868e+05
  -1.3331510e+05  -1.4146548e+05  -1.4176081e+05  -1.4249865e+05  -1.4108787e+05
  -1.3316994e+05  -1.4113132e+05  -1.4166962e+05  -1.4246368e+05  -1.4119745e+05
  -1.3304894e+05  -1.4110492e+05  -1.4173984e+05  -1.4232238e+05  -1.4114685e+05
  -1.3295684e+05  -1.4095465e+05  -1.4164948e+05  -1.4175307e+05  -1.4114538e+05
  -1.3261915e+05  -1.4094660e+05  -1.4141151e+05  -1.4164114e+05  -1.4115056e+05
  -1.3156868e+05  -1.4019434e+05  -1.4133370e+05  -1.4154190e+05  -1.4092983e+05
  -1.3142690e+05  -1.3995613e+05  -1.4142397e+05  -1.4114024e+05  -1.4091192e+05
  -1.3119444e+05  -1.3981201e+05  -1.4147941e+05  -1.4068261e+05  -1.4077563e+05
  -1.3123594e+05  -1.3969871e+05  -1.4142063e+05  -1.4056667e+05  -1.4072852e+05
  -1.3157119e+05  -1.3969249e+05  -1.4149021e+05  -1.4060791e+05  -1.4079454e+05
  -1.3154959e+05  -1.3964592e+05  -1.4154581e+05  -1.4073271e+05  -1.4074114e+05
  -1.3183582e+05  -1.3961051e+05  -1.4158214e+05  -1.4103676e+05  -1.4082851e+05
  -1.3171560e+05  -1.3939704e+05  -1.4154679e+05  -1.4184055e+05  -1.4079521e+05
  -1.3168217e+05  -1.3926496e+05  -1.4145716e+05  -1.4188251e+05  -1.4080653e+05
  -1.3164630e+05  -1.3931812e+05  -1.4144258e+05  -1.4199980e+05  -1.4087138e+05
  -1.3166860e+05  -1.3900729e+05  -1.4136463e+05  -1.4180161e+05  -1.4089611e+05
  -1.3169275e+05  -1.3925082e+05  -1.4139681e+05  -1.4216075e+05  -1.4090904e+05
  -1.3169858e+05  -1.3947848e+05  -1.4142177e+05  -1.4224158e+05  -1.4097420e+05
  -1.3167636e+05  -1.3968881e+05  -1.4135477e+05  -1.4260551e+05  -1.4107448e+05
  -1.3162273e+05  -1.3999996e+05  -1.4138094e+05  -1.4274452e+05  -1.4101176e+05
  -1.3168803e+05  -1.4002253e+05  -1.4140881e+05  -1.4309696e+05  -1.4083495e+05
  -1.3170250e+05  -1.4002106e+05  -1.4130944e+05  -1.4315711e+05  -1.3955299e+05
  -1.3168917e+05  -1.4004744e+05  -1.4116419e+05  -1.4314063e+05  -1.3947548e+05
  -1.3171269e+05  -1.4001825e+05  -1.4112323e+05  -1.4320686e+05  -1.3944435e+05
  -1.3149619e+05  -1.4000757e+05  -1.4100041e+05  -1.4333064e+05  -1.3940212e+05
  -1.3159685e+05  -1.4021301e+05  -1.4108816e+05  -1.4349060e+05  -1.3942273e+05
  -1.3154063e+05  -1.4033603e+05  -1.4145018e+05  -1.4350381e+05  -1.3927564e+05
  -1.3153193e+05  -1.4039766e+05  -1.4147448e+05  -1.4357718e+05  -1.3827417e+05
  -1.3155380e+05  -1.4036477e+05  -1.4155156e+05  -1.4366568e+05  -1.3838838e+05
  -1.3150618e+05  -1.4033014e+05  -1.4159820e+05  -1.4375996e+05  -1.3817774e+05
  -1.3203481e+05  -1.4025994e+05  -1.4162193e+05  -1.4376056e+05  -1.3811507e+05
  -1.3254161e+05  -1.4016264e+05  -1.4158939e+05  -1.4372172e+05  -1.3779236e+05
  -1.3238818e+05  -1.4007938e+05  -1.4225675e+05  -1.4371576e+05  -1.3775962e+05
  -1.3238588e+05  -1.4007725e+05  -1.4221535e+05  -1.4379493e+05  -1.3779180e+05
  -1.3238366e+05  -1.4006847e+05  -1.4205956e+05  -1.4378343e+05  -1.3777254e+05
  -1.3241159e+05  -1.4013910e+05  -1.4165739e+05  -1.4371424e+05  -1.3747446e+05
  -1.3244363e+05  -1.4031870e+05  -1.4155066e+05  -1.4395613e+05  -1.3719750e+05
  -1.3237613e+05  -1.4040025e+05  -1.4141471e+05  -1.4401449e+05  -1.3682830e+05
  -1.3230820e+05  -1.4044356e+05  -1.4145802e+05  -1.4432139e+05  -1.3713781e+05
  -1.3194610e+05  -1.4056500e+05  -1.4130904e+05  -1.4429255e+05  -1.3701696e+05
  -1.3187744e+05  -1.4096425e+05  -1.4106605e+05  -1.4427851e+05  -1.3720855e+05
  -1.3141643e+05  -1.4097317e+05  -1.4107843e+05  -1.4411383e+05  -1.3682226e+05
  -1.3319124e+05  -1.4091871e+05  -1.4109834e+05  -1.4362758e+05  -1.3678797e+05
  -1.3325218e+05  -1.4090161e+05  -1.4109697e+05  -1.4347594e+05  -1.3679428e+05
  -1.3326443e+05  -1.4092916e+05  -1.4112610e+05  -1.4338128e+05  -1.3667669e+05
  -1.3339171e+05  -1.4087739e+05  -1.4107941e+05  -1.4438238e+05  -1.3665407e+05
  -1.3353242e+05  -1.4066242e+05  -1.4096398e+05  -1.4460183e+05  -1.3660209e+05
  -1.3355999e+05  -1.4042465e+05  -1.4097451e+05  -1.4473767e+05  -1.3653485e+05
  -1.3355054e+05  -1.4024354e+05  -1.4103017e+05  -1.4455508e+05  -1.3627971e+05
  -1.3358934e+05  -1.3994949e+05  -1.4101249e+05  -1.4447375e+05  -1.3611493e+05
  -1.3352689e+05  -1.3953915e+05  -1.4094498e+05  -1.4424652e+05  -1.3639476e+05
  -1.3352931e+05  -1.3953031e+05  -1.4091847e+05  -1.4505494e+05  -1.3642138e+05
  -1.3354147e+05  -1.3956084e+05  -1.4091592e+05  -1.4515877e+05  -1.3643164e+05
  -1.3353130e+05  -1.3954127e+05  -1.4092571e+05  -1.4525101e+05  -1.3644907e+05
  -1.3351684e+05  -1.3959867e+05  -1.4097876e+05  -1.4516148e+05  -1.3710495e+05
  -1.3342300e+05  -1.3934705e+05  -1.4092739e+05  -1.4510103e+05  -1.3749752e+05
  -1.3376987e+05  -1.3910669e+05  -1.4046163e+05  -1.4512287e+05  -1.3751175e+05
  -1.3376111e+05  -1.3909276e+05  -1.4035019e+05  -1.4507038e+05  -1.3753711e+05
  -1.3374864e+05  -1.3924120e+05  -1.4032996e+05  -1.4511872e+05  -1.3756736e+05
  -1.3373047e+05  -1.3935400e+05  -1.4021413e+05  -1.4513042e+05  -1.3770523e+05
  -1.3335143e+05  -1.3966585e+05  -1.3995835e+05  -1.4514451e+05  -1.3770896e+05
  -1.3290575e+05  -1.3968472e+05  -1.3999741e+05  -1.4513522e+05  -1.3774327e+05
  -1.3290034e+05  -1.4014627e+05  -1.3898702e+05  -1.4514006e+05  -1.3788591e+05
  -1.3291505e+05  -1.4032358e+05  -1.4024445e+05  -1.4505887e+05  -1.3787314e+05
  -1.3293830e+05  -1.4036989e+05  -1.4040253e+05  -1.4505184e+05  -1.3786847e+05
  -1.3293587e+05  -1.4031838e+05  -1.4032389e+05  -1.4507238e+05  -1.3779989e+05
  -1.3299330e+05  -1.4024942e+05  -1.4059785e+05  -1.4496306e+05  -1.3797063e+05
  -1.3299054e+05  -1.4022232e+05  -1.4076979e+05  -1.4491559e+05  -1.3797603e+05
  -1.3296644e+05  -1.4024779e+05  -1.4111954e+05  -1.4473428e+05  -1.3774987e+05
  -1.3300733e+05  -1.4012425e+05  -1.4111553e+05  -1.4510101e+05  -1.3770922e+05
  -1.3309304e+05  -1.3967430e+05  -1.4114154e+05  -1.4503706e+05  -1.3755429e+05
  -1.3356599e+05  -1.3956891e+05  -1.4119944e+05  -1.4510854e+05  -1.3751618e+05
  -1.3199904e+05  -1.3961115e+05  -1.4117622e+05  -1.4515721e+05  -1.3776101e+05
  -1.3193469e+05  -1.3970878e+05  -1.4135267e+05  -1.4520646e+05  -1.3779019e+05
  -1.3189203e+05  -1.3972710e+05  -1.4136311e+05  -1.4520695e+05  -1.3778416e+05
  -1.3144490e+05  -1.3977042e+05  -1.4140216e+05  -1.4437831e+05  -1.3768934e+05
  -1.3117073e+05  -1.3973410e+05  -1.4143971e+05  -1.4397930e+05  -1.3767638e+05
  -1.3105124e+05  -1.3975578e+05  -1.4138108e+05  -1.4382115e+05  -1.3762097e+05
  -1.3101760e+05  -1.3981946e+05  -1.4145996e+05  -1.4382122e+05  -1.3770856e+05
  -1.3095754e+05  -1.3983922e+05  -1.4147927e+05  -1.4398822e+05  -1.3772821e+05
  -1.3091322e+05  -1.3989681e+05  -1.4152631e+05  -1.4401110e+05  -1.3743850e+05
  -1.3091152e+05  -1.4001670e+05  -1.4152573e+05  -1.4313201e+05  -1.3773202e+05
  -1.3094435e+05  -1.4066427e+05  -1.4153937e+05  -1.4305763e+05  -1.3785909e+05
  -1.3093309e+05  -1.4105090e+05  -1.4478208e+05  -1.4289352e+05  -1.3805404e+05
  -1.3087949e+05  -1.4106341e+05  -1.4479951e+05  -1.4303940e+05  -1.3766014e+05
  -1.3090535e+05  -1.4109459e+05  -1.4479470e+05  -1.4302621e+05  -1.3729376e+05
  -1.3025732e+05  -1.4111689e+05  -1.4482180e+05  -1.4300154e+05  -1.3729831e+05
  -1.3030573e+05  -1.4108377e+05  -1.4483536e+05  -1.4301133e+05  -1.3721958e+05
  -1.3015565e+05  -1.4102001e+05  -1.4483478e+05  -1.4308212e+05  -1.3742324e+05
  -1.3048164e+05  -1.4105202e+05  -1.4482819e+05  -1.4299426e+05  -1.3729714e+05
  -1.3049826e+05  -1.4084440e+05  -1.4484021e+05  -1.4298126e+05  -1.3729633e+05
  -1.3052143e+05  -1.4084906e+05  -1.4490735e+05  -1.4301194e+05  -1.3726265e+05
  -1.3048684e+05  -1.4046482e+05  -1.4486483e+05  -1.4300856e+05  -1.3706145e+05
  -1.3043800e+05  -1.4030706e+05  -1.4441717e+05  -1.4306187e+05  -1.3705003e+05
  -1.3039117e+05  -1.4019641e+05  -1.4436615e+05  -1.4329072e+05  -1.3699777e+05
  -1.3035903e+05  -1.4014270e+05  -1.4441589e+05  -1.4330908e+05  -1.3687916e+05
  -1.3018112e+05  -1.4006011e+05  -1.4425726e+05  -1.4317561e+05  -1.3650131e+05
  -1.3018683e+05  -1.3994280e+05  -1.4416381e+05  -1.4313330e+05  -1.3642088e+05
  -1.3021585e+05  -1.3985486e+05  -1.4391137e+05  -1.4300258e+05  -1.3632463e+05
  -1.3063409e+05  -1.3981984e+05  -1.4396111e+05  -1.4230198e+05  -1.3642167e+05
  -1.3053819e+05  -1.3976899e+05  -1.4396323e+05  -1.4236971e+05  -1.3677605e+05
  -1.2924293e+05  -1.3977338e+05  -1.4395325e+05  -1.4223425e+05  -1.3687027e+05
  -1.2893489e+05  -1.3990470e+05  -1.4416561e+05  -1.4220216e+05  -1.3749165e+05
  -1.2887817e+05  -1.3980462e+05  -1.4410342e+05  -1.4223191e+05  -1.3761998e+05
  -1.2917381e+05  -1.3989592e+05  -1.4412270e+05  -1.4222536e+05  -1.3893846e+05
  -1.3004453e+05  -1.4022928e+05  -1.4416300e+05  -1.4273974e+05  -1.3915045e+05
  -1.3017765e+05  -1.4023063e+05  -1.4417527e+05  -1.4291531e+05  -1.3952228e+05
  -1.3028109e+05  -1.4019984e+05  -1.4455339e+05  -1.4305656e+05  -1.3965797e+05
  -1.3034486e+05  -1.4016428e+05  -1.4450018e+05  -1.4330306e+05  -1.3961993e+05
  -1.3045827e+05  -1.4019368e+05  -1.4458903e+05  -1.4317582e+05  -1.3962759e+05
  -1.3071732e+05  -1.4038017e+05  -1.4476463e+05  -1.4334479e+05  -1.3977295e+05
  -1.3097778e+05  -1.4027131e+05  -1.4488496e+05  -1.4342747e+05  -1.3955559e+05
  -1.3184009e+05  -1.3973336e+05  -1.4534005e+05  -1.4366052e+05  -1.3970226e+05
  -1.3198941e+05  -1.3920994e+05  -1.4263814e+05  -1.4371196e+05  -1.3963058e+05
  -1.3199427e+05  -1.3912307e+05  -1.4257859e+05  -1.4369177e+05  -1.3955642e+05
  -1.3220588e+05  -1.3910560e+05  -1.4258643e+05  -1.4374633e+05  -1.3952918e+05
  -1.3219105e+05  -1.3903689e+05  -1.4258308e+05  -1.4374724e+05  -1.3950794e+05
  -1.3220315e+05  -1.3922533e+05  -1.4268169e+05  -1.4387283e+05  -1.3950346e+05
  -1.3224520e+05  -1.3932125e+05  -1.4283740e+05  -1.4388390e+05  -1.3929289e+05
  -1.3396197e+05  -1.3962109e+05  -1.4297177e+05  -1.4426060e+05  -1.3942327e+05
  -1.3443523e+05  -1.3966374e+05  -1.4299966e+05  -1.4443987e+05  -1.3947039e+05
  -1.3451838e+05  -1.3967901e+05  -1.4293248e+05  -1.4445480e+05  -1.3945589e+05
  -1.3481560e+05  -1.3975794e+05  -1.4301010e+05  -1.4461835e+05  -1.3956247e+05
  -1.3534974e+05  -1.3982237e+05  -1.4302676e+05  -1.4477416e+05  -1.3965338e+05
  -1.3573402e+05  -1.4021646e+05  -1.4313092e+05  -1.4477428e+05  -1.3991881e+05
  -1.3588085e+05  -1.4061010e+05  -1.4315482e+05  -1.4500206e+05  -1.3992869e+05
  -1.3619397e+05  -1.4120932e+05  -1.4328775e+05  -1.4530513e+05  -1.3996599e+05
  -1.3617177e+05  -1.4151922e+05  -1.4349516e+05  -1.4552754e+05  -1.4001904e+05
  -1.3630556e+05  -1.4181825e+05  -1.4391870e+05  -1.4621404e+05  -1.4027957e+05
  -1.3609464e+05  -1.4180578e+05  -1.4394177e+05  -1.4632722e+05  -1.4024953e+05
  -1.3613143e+05  -1.4184053e+05  -1.4399326e+05  -1.4634776e+05  -1.4013761e+05
  -1.3606590e+05  -1.4197307e+05  -1.4422497e+05  -1.4630589e+05  -1.4010638e+05
  -1.3661581e+05  -1.4223702e+05  -1.4419629e+05  -1.4639925e+05  -1.3985507e+05
  -1.3655709e+05  -1.4221263e+05  -1.4414485e+05  -1.4631788e+05  -1.3976970e+05
  -1.3652632e+05  -1.4211392e+05  -1.4412618e+05  -1.4622666e+05  -1.3899836e+05
  -1.3650410e+05  -1.4197034e+05  -1.4409716e+05  -1.4602678e+05  -1.3893283e+05
  -1.3656658e+05  -1.4194823e+05  -1.4407807e+05  -1.4613780e+05  -1.3859209e+05
  -1.3651472e+05  -1.4200082e+05  -1.4373031e+05  -1.4616754e+05  -1.3854061e+05
  -1.3640941e+05  -1.4201915e+05  -1.4370850e+05  -1.4607905e+05  -1.3851590e+05
  -1.3631757e+05  -1.4199805e+05  -1.4368305e+05  -1.4609591e+05  -1.3858155e+05
  -1.3628177e+05  -1.4196682e+05  -1.4362312e+05  -1.4606443e+05  -1.3844844e+05
  -1.3636261e+05  -1.4204739e+05  -1.4364113e+05  -1.4613364e+05  -1.3869997e+05
  -1.3628873e+05  -1.4195146e+05  -1.4376596e+05  -1.4611503e+05  -1.3882030e+05
  -1.3625561e+05  -1.4197326e+05  -1.4382484e+05  -1.4612037e+05  -1.3880459e+05
  -1.3618505e+05  -1.4200415e+05  -1.4384879e+05  -1.4620806e+05  -1.3882369e+05
  -1.3628264e+05  -1.4203732e+05  -1.4389913e+05  -1.4621521e+05  -1.3886350e+05
  -1.3625299e+05  -1.4204323e+05  -1.4401873e+05  -1.4620630e+05  -1.3884717e+05
  -1.3620137e+05  -1.4216530e+05  -1.4405966e+05  -1.4617292e+05  -1.3888966e+05
  -1.3619930e+05  -1.4217814e+05  -1.4403346e+05  -1.4616306e+05  -1.3884234e+05
  -1.3570550e+05  -1.4212352e+05  -1.4401522e+05  -1.4609085e+05  -1.3877255e+05
  -1.3552052e+05  -1.4213456e+05  -1.4407450e+05  -1.4607484e+05  -1.3871961e+05
  -1.3546468e+05  -1.4209283e+05  -1.4407361e+05  -1.4603296e+05  -1.3868375e+05
  -1.3586575e+05  -1.4214134e+05  -1.4427605e+05  -1.4604485e+05  -1.3861611e+05
  -1.3558402e+05  -1.4216484e+05  -1.4429625e+05  -1.4598239e+05  -1.3854415e+05
  -1.3545798e+05  -1.4209649e+05  -1.4429849e+05  -1.4600737e+05  -1.3823872e+05
  -1.3538211e+05  -1.4201432e+05  -1.4434609e+05  -1.4591107e+05  -1.3831557e+05
  -1.3507742e+05  -1.4162536e+05  -1.4430508e+05  -1.4574729e+05  -1.3842756e+05
  -1.3515439e+05  -1.4178459e+05  -1.4426483e+05  -1.4577137e+05  -1.3850954e+05
  -1.3496382e+05  -1.4168265e+05  -1.4394247e+05  -1.4524687e+05  -1.3815041e+05
  -1.3494406e+05  -1.4176202e+05  -1.4404224e+05  -1.4520667e+05  -1.3837602e+05
  -1.3484397e+05  -1.4173079e+05  -1.4397603e+05  -1.4509708e+05  -1.3862448e+05
  -1.3486979e+05  -1.4162807e+05  -1.4375262e+05  -1.4506936e+05  -1.3877867e+05
  -1.3406906e+05  -1.4134025e+05  -1.4369024e+05  -1.4489047e+05  -1.3869783e+05
  -1.3397806e+05  -1.4136611e+05  -1.4368673e+05  -1.4481803e+05  -1.3874728e+05
  -1.3389937e+05  -1.4140090e+05  -1.4368964e+05  -1.4480739e+05  -1.3904347e+05
  -1.3367014e+05  -1.4132734e+05  -1.4364860e+05  -1.4472698e+05  -1.3898590e+05
  -1.3340577e+05  -1.4141803e+05  -1.4369284e+05  -1.4439430e+05  -1.3905019e+05
  -1.3332624e+05  -1.4140638e+05  -1.4371367e+05  -1.4418061e+05  -1.3904142e+05
  -1.3328445e+05  -1.4130934e+05  -1.4371361e+05  -1.4401756e+05  -1.3906799e+05
  -1.3333288e+05  -1.4133403e+05  -1.4374591e+05  -1.4395287e+05  -1.3918146e+05
  -1.3320384e+05  -1.4129841e+05  -1.4369325e+05  -1.4383442e+05  -1.3921106e+05
  -1.3271219e+05  -1.4121031e+05  -1.4358053e+05  -1.4362314e+05  -1.3900422e+05
  -1.3262566e+05  -1.4123877e+05  -1.4310256e+05  -1.4361426e+05  -1.3873786e+05
  -1.3254510e+05  -1.4131300e+05  -1.4317287e+05  -1.4374646e+05  -1.3880314e+05
  -1.3267363e+05  -1.4135559e+05  -1.4314145e+05  -1.4374753e+05  -1.3879821e+05
  -1.3246486e+05  -1.4129347e+05  -1.4315018e+05  -1.4375715e+05  -1.3891242e+05
  -1.3251872e+05  -1.4125236e+05  -1.4301020e+05  -1.4378642e+05  -1.3907478e+05
  -1.3251894e+05  -1.4094902e+05  -1.4284259e+05  -1.4377913e+05  -1.3903870e+05
  -1.3260070e+05  -1.4091697e+05  -1.4279782e+05  -1.4383462e+05  -1.3906109e+05
  -1.3285972e+05  -1.4104915e+05  -1.4291971e+05  -1.4399259e+05  -1.3917456e+05
  -1.3293375e+05  -1.4109856e+05  -1.4288040e+05  -1.4402387e+05  -1.3923658e+05
  -1.3349242e+05  -1.4120813e+05  -1.4293841e+05  -1.4409953e+05  -1.3927335e+05
