  -1.3729227e+05  -1.4474872e+05  -1.4913424e+05  -1.4731734e+05  -1.3888534e+05
  -1.3728943e+05  -1.4475935e+05  -1.4917235e+05  -1.4730198e+05  -1.3890065e+05
  -1.3729145e+05  -1.4477963e+05  -1.4916951e+05  -1.4732868e+05  -1.3880094e+05
  -1.3726949e+05  -1.4482569e+05  -1.4900665e+05  -1.4731056e+05  -1.3888362e+05
  -1.3700351e+05  -1.4484899e+05  -1.4899475e+05  -1.4738187e+05  -1.3895567e+05
  -1.3699280e+05  -1.4488476e+05  -1.4902760e+05  -1.4742318e+05  -1.3919048e+05
  -1.3698543e+05  -1.4491372e+05  -1.4919200e+05  -1.4765153e+05  -1.3926965e+05
  -1.3689742e+05  -1.4498382e+05  -1.4920672e+05  -1.4825968e+05  -1.3936004e+05
  -1.3700929e+05  -1.4500428e+05  -1.4921608e+05  -1.4825968e+05  -1.3927941e+05
  -1.3702267e+05  -1.4500692e+05  -1.4922683e+05  -1.4823403e+05  -1.3904434e+05
  -1.3643217e+05  -1.4503432e+05  -1.4921968e+05  -1.4823329e+05  -1.3912103e+05
  -1.3612263e+05  -1.4503209e+05  -1.4635814e+05  -1.4829272e+05  -1.3851634e+05
  -1.3614595e+05  -1.4475871e+05  -1.4589120e+05  -1.4830782e+05  -1.3845442e+05
  -1.3644298e+05  -1.4499400e+05  -1.4469103e+05  -1.4830984e+05  -1.3903581e+05
  -1.3637973e+05  -1.4501327e+05  -1.4427936e+05  -1.4834458e+05  -1.3913483e+05
  -1.3500047e+05  -1.4493148e+05  -1.4357553e+05  -1.4836848e+05  -1.3950950e+05
  -1.3474479e+05  -1.4493098e+05  -1.4355814e+05  -1.4825574e+05  -1.3959613e+05
  -1.3464404e+05  -1.4493018e+05  -1.4345654e+05  -1.4795872e+05  -1.3960675e+05
  -1.3463053e+05  -1.4493254e+05  -1.4349333e+05  -1.4797810e+05  -1.3968098e+05
  -1.3466485e+05  -1.4467409e+05  -1.4341915e+05  -1.4796148e+05  -1.3980628e+05
  -1.3443544e+05  -1.4467878e+05  -1.4312753e+05  -1.4773845e+05  -1.3977902e+05
  -1.3439064e+05  -1.4465330e+05  -1.4296757e+05  -1.4771289e+05  -1.3954217e+05
  -1.3441626e+05  -1.4463281e+05  -1.4293322e+05  -1.4660221e+05  -1.3948955e+05
  -1.3449286e+05  -1.4456915e+05  -1.4293512e+05  -1.4657149e+05  -1.3951772e+05
  -1.3449895e+05  -1.4437672e+05  -1.4286692e+05  -1.4640132e+05  -1.3953465e+05
  -1.3432790e+05  -1.4406936e+05  -1.4284170e+05  -1.4608753e+05  -1.3950675e+05
  -1.3384750e+05  -1.4215879e+05  -1.4282932e+05  -1.4568043e+05  -1.3937826e+05
  -1.3381185e+05  -1.4192977e+05  -1.4282021e+05  -1.4549452e+05  -1.3948431e+05
  -1.3380201e+05  -1.4193535e+05  -1.4284825e+05  -1.4511959e+05  -1.3965948e+05
  -1.3374472e+05  -1.4190060e+05  -1.4287850e+05  -1.4507259e+05  -1.4082166e+05
  -1.3380374e+05  -1.4182988e+05  -1.4295747e+05  -1.4507073e+05  -1.4084027e+05
  -1.3383335e+05  -1.4180247e+05  -1.4284835e+05  -1.4509871e+05  -1.4084824e+05
  -1.3393616e+05  -1.4174847e+05  -1.4278028e+05  -1.4505660e+05  -1.4085382e+05
  -1.3394100e+05  -1.4165062e+05  -1.4275304e+05  -1.4506438e+05  -1.4077325e+05
  -1.3393064e+05  -1.4166616e+05  -1.4274123e+05  -1.4496013e+05  -1.4080060e+05
  -1.3394172e+05  -1.4156912e+05  -1.4267212e+05  -1.4477177e+05  -1.4125065e+05
  -1.3368653e+05  -1.4154862e+05  -1.4179316e+05  -1.4423450e+05  -1.4107763e+05
  -1.3362581e+05  -1.4140707e+05  -1.4165088e+05  -1.4262471e+05  -1.4107336e+05
  -1.3327011e+05  -1.4137445e+05  -1.4168096e+05  -1.4240301e+05  -1.4104544e+05
  -1.3312015e+05  -1.4104392e+05  -1.4158569e+05  -1.4236414e+05  -1.4115876e+05
  -1.3297827e+05  -1.4100466e+05  -1.4164100e+05  -1.4222184e+05  -1.4110802e+05
  -1.3289332e+05  -1.4086879e+05  -1.4155817e+05  -1.4165858e+05  -1.4110940e+05
  -1.3256181e+05  -1.4087248e+05  -1.4131736e+05  -1.4155639e+05  -1.4111983e+05
  -1.3150787e+05  -1.4007428e+05  -1.4122719e+05  -1.4145099e+05  -1.4089025e+05
  -1.3137725e+05  -1.3984066e+05  -1.4132368e+05  -1.4106271e+05  -1.4087427e+05
  -1.3114574e+05  -1.3968901e+05  -1.4138267e+05  -1.4058965e+05  -1.4073765e+05
  -1.3119427e+05  -1.3958167e+05  -1.4132872e+05  -1.4047663e+05  -1.4069769e+05
  -1.3153076e+05  -1.3958125e+05  -1.4140030e+05  -1.4052780e+05  -1.4076735e+05
  -1.3150254e+05  -1.3952999e+05  -1.4145827e+05  -1.4063916e+05  -1.4071666e+05
  -1.3177413e+05  -1.3950257e+05  -1.4149917e+05  -1.4095246e+05  -1.4080665e+05
  -1.3165803e+05  -1.3927798e+05  -1.4146720e+05  -1.4177181e+05  -1.4077109e+05
  -1.3162529e+05  -1.3914416e+05  -1.4137826e+05  -1.4180843e+05  -1.4078257e+05
  -1.3158250e+05  -1.3919974e+05  -1.4136644e+05  -1.4192210e+05  -1.4084654e+05
  -1.3161987e+05  -1.3889613e+05  -1.4129808e+05  -1.4173286e+05  -1.4087168e+05
  -1.3164446e+05  -1.3915451e+05  -1.4133835e+05  -1.4209399e+05  -1.4088623e+05
  -1.3165342e+05  -1.3939317e+05  -1.4136702e+05  -1.4217860e+05  -1.4095438e+05
  -1.3163165e+05  -1.3960393e+05  -1.4130446e+05  -1.4253287e+05  -1.4105760e+05
  -1.3157394e+05  -1.3990885e+05  -1.4133426e+05  -1.4267797e+05  -1.4099425e+05
  -1.3163958e+05  -1.3993863e+05  -1.4135806e+05  -1.4302771e+05  -1.4081607e+05
  -1.3165859e+05  -1.3994548e+05  -1.4126332e+05  -1.4309360e+05  -1.3953798e+05
  -1.3164434e+05  -1.3997044e+05  -1.4112282e+05  -1.4307761e+05  -1.3946336e+05
  -1.3166767e+05  -1.3994578e+05  -1.4108518e+05  -1.4314716e+05  -1.3943373e+05
  -1.3145696e+05  -1.3993589e+05  -1.4096224e+05  -1.4327331e+05  -1.3938874e+05
  -1.3156238e+05  -1.4013444e+05  -1.4105484e+05  -1.4343132e+05  -1.3940992e+05
  -1.3149544e+05  -1.4025905e+05  -1.4140438e+05  -1.4344214e+05  -1.3926232e+05
  -1.3148800e+05  -1.4032161e+05  -1.4143195e+05  -1.4351526e+05  -1.3825823e+05
  -1.3149757e+05  -1.4029035e+05  -1.4150293e+05  -1.4359484e+05  -1.3837277e+05
  -1.3145322e+05  -1.4025940e+05  -1.4155405e+05  -1.4368097e+05  -1.3816926e+05
  -1.3197071e+05  -1.4017940e+05  -1.4156908e+05  -1.4367592e+05  -1.3809883e+05
  -1.3247414e+05  -1.4007773e+05  -1.4154221e+05  -1.4363929e+05  -1.3777396e+05
  -1.3232342e+05  -1.4000509e+05  -1.4222808e+05  -1.4363598e+05  -1.3774476e+05
  -1.3232138e+05  -1.4000100e+05  -1.4218423e+05  -1.4371508e+05  -1.3777707e+05
  -1.3231773e+05  -1.3998395e+05  -1.4202624e+05  -1.4369659e+05  -1.3775612e+05
  -1.3234833e+05  -1.4005929e+05  -1.4162496e+05  -1.4363084e+05  -1.3745397e+05
  -1.3237749e+05  -1.4024470e+05  -1.4151491e+05  -1.4387685e+05  -1.3717482e+05
  -1.3231571e+05  -1.4033348e+05  -1.4137498e+05  -1.4394773e+05  -1.3680574e+05
  -1.3223909e+05  -1.4037531e+05  -1.4141509e+05  -1.4425384e+05  -1.3711796e+05
  -1.3188417e+05  -1.4050635e+05  -1.4127660e+05  -1.4423347e+05  -1.3699875e+05
  -1.3182336e+05  -1.4090473e+05  -1.4103184e+05  -1.4421289e+05  -1.3718984e+05
  -1.3136665e+05  -1.4090979e+05  -1.4104256e+05  -1.4404499e+05  -1.3680062e+05
  -1.3315362e+05  -1.4085642e+05  -1.4105973e+05  -1.4354581e+05  -1.3676375e+05
  -1.3321065e+05  -1.4083656e+05  -1.4105649e+05  -1.4339729e+05  -1.3676941e+05
  -1.3321862e+05  -1.4086162e+05  -1.4107737e+05  -1.4329871e+05  -1.3664926e+05
  -1.3333881e+05  -1.4080614e+05  -1.4103163e+05  -1.4432834e+05  -1.3662390e+05
  -1.3347726e+05  -1.4058001e+05  -1.4090563e+05  -1.4454605e+05  -1.3656992e+05
  -1.3350571e+05  -1.4034190e+05  -1.4091442e+05  -1.4468102e+05  -1.3649913e+05
  -1.3350434e+05  -1.4016685e+05  -1.4096959e+05  -1.4450939e+05  -1.3623770e+05
  -1.3354602e+05  -1.3987946e+05  -1.4094948e+05  -1.4442738e+05  -1.3607292e+05
  -1.3348016e+05  -1.3946942e+05  -1.4088347e+05  -1.4419991e+05  -1.3635666e+05
  -1.3348147e+05  -1.3946106e+05  -1.4085359e+05  -1.4501015e+05  -1.3638011e+05
  -1.3349385e+05  -1.3949128e+05  -1.4085051e+05  -1.4511053e+05  -1.3639283e+05
  -1.3348870e+05  -1.3947592e+05  -1.4086592e+05  -1.4519646e+05  -1.3641178e+05
  -1.3347615e+05  -1.3953284e+05  -1.4091593e+05  -1.4510597e+05  -1.3707800e+05
  -1.3336923e+05  -1.3927828e+05  -1.4085301e+05  -1.4504126e+05  -1.3746810e+05
  -1.3373386e+05  -1.3903728e+05  -1.4039978e+05  -1.4506675e+05  -1.3747856e+05
  -1.3372349e+05  -1.3902113e+05  -1.4028406e+05  -1.4501293e+05  -1.3750748e+05
  -1.3371514e+05  -1.3916353e+05  -1.4026759e+05  -1.4505724e+05  -1.3753657e+05
  -1.3370070e+05  -1.3928274e+05  -1.4014581e+05  -1.4507342e+05  -1.3767386e+05
  -1.3333172e+05  -1.3960143e+05  -1.3989588e+05  -1.4509577e+05  -1.3768296e+05
  -1.3289215e+05  -1.3962179e+05  -1.3993597e+05  -1.4508731e+05  -1.3771827e+05
  -1.3288659e+05  -1.4008398e+05  -1.3889551e+05  -1.4508949e+05  -1.3786423e+05
  -1.3290401e+05  -1.4025903e+05  -1.4018116e+05  -1.4500861e+05  -1.3785121e+05
  -1.3293026e+05  -1.4031143e+05  -1.4035129e+05  -1.4500799e+05  -1.3785255e+05
  -1.3292576e+05  -1.4026400e+05  -1.4027102e+05  -1.4503034e+05  -1.3778653e+05
  -1.3298546e+05  -1.4019821e+05  -1.4054440e+05  -1.4492131e+05  -1.3795936e+05
  -1.3298200e+05  -1.4016775e+05  -1.4071730e+05  -1.4486839e+05  -1.3796364e+05
  -1.3295779e+05  -1.4019210e+05  -1.4107379e+05  -1.4468704e+05  -1.3773348e+05
  -1.3299611e+05  -1.4006031e+05  -1.4106378e+05  -1.4504618e+05  -1.3768792e+05
  -1.3307817e+05  -1.3961142e+05  -1.4108685e+05  -1.4498654e+05  -1.3753330e+05
  -1.3355263e+05  -1.3950411e+05  -1.4115119e+05  -1.4506048e+05  -1.3749489e+05
  -1.3197424e+05  -1.3954072e+05  -1.4112192e+05  -1.4510677e+05  -1.3774201e+05
  -1.3191416e+05  -1.3963763e+05  -1.4130202e+05  -1.4515707e+05  -1.3777078e+05
  -1.3187287e+05  -1.3966578e+05  -1.4131852e+05  -1.4515798e+05  -1.3776732e+05
  -1.3141986e+05  -1.3971592e+05  -1.4135486e+05  -1.4430107e+05  -1.3767544e+05
  -1.3114793e+05  -1.3968453e+05  -1.4139693e+05  -1.4390410e+05  -1.3766449e+05
  -1.3103097e+05  -1.3970131e+05  -1.4133781e+05  -1.4374539e+05  -1.3760889e+05
  -1.3098976e+05  -1.3975576e+05  -1.4141178e+05  -1.4373765e+05  -1.3769817e+05
  -1.3092831e+05  -1.3976958e+05  -1.4143001e+05  -1.4390598e+05  -1.3771666e+05
  -1.3088822e+05  -1.3982963e+05  -1.4147450e+05  -1.4392653e+05  -1.3742297e+05
  -1.3088312e+05  -1.3994457e+05  -1.4147157e+05  -1.4302882e+05  -1.3771222e+05
  -1.3091427e+05  -1.4059891e+05  -1.4148847e+05  -1.4296333e+05  -1.3783731e+05
  -1.3089838e+05  -1.4097805e+05  -1.4475004e+05  -1.4281045e+05  -1.3803194e+05
  -1.3083797e+05  -1.4098137e+05  -1.4476379e+05  -1.4294437e+05  -1.3762704e+05
  -1.3087051e+05  -1.4101493e+05  -1.4475997e+05  -1.4294106e+05  -1.3726370e+05
  -1.3021003e+05  -1.4103911e+05  -1.4478224e+05  -1.4291951e+05  -1.3727594e+05
  -1.3025887e+05  -1.4100844e+05  -1.4479760e+05  -1.4293383e+05  -1.3719693e+05
  -1.3011148e+05  -1.4094858e+05  -1.4479994e+05  -1.4302230e+05  -1.3740411e+05
  -1.3042913e+05  -1.4098187e+05  -1.4479509e+05  -1.4293756e+05  -1.3727881e+05
  -1.3044484e+05  -1.4077603e+05  -1.4480788e+05  -1.4291975e+05  -1.3727615e+05
  -1.3046924e+05  -1.4077982e+05  -1.4487028e+05  -1.4295110e+05  -1.3724229e+05
  -1.3043313e+05  -1.4039327e+05  -1.4483093e+05  -1.4295012e+05  -1.3703678e+05
  -1.3037759e+05  -1.4023852e+05  -1.4437596e+05  -1.4300417e+05  -1.3702395e+05
  -1.3032370e+05  -1.4011707e+05  -1.4431980e+05  -1.4322275e+05  -1.3696313e+05
  -1.3029888e+05  -1.4005516e+05  -1.4437110e+05  -1.4323397e+05  -1.3683933e+05
  -1.3011401e+05  -1.3996496e+05  -1.4421439e+05  -1.4309995e+05  -1.3645824e+05
  -1.3011570e+05  -1.3984749e+05  -1.4411737e+05  -1.4305859e+05  -1.3638094e+05
  -1.3014230e+05  -1.3975730e+05  -1.4385958e+05  -1.4292379e+05  -1.3628262e+05
  -1.3056550e+05  -1.3972521e+05  -1.4390893e+05  -1.4222110e+05  -1.3638226e+05
  -1.3046997e+05  -1.3967246e+05  -1.4391221e+05  -1.4229046e+05  -1.3673892e+05
  -1.2914972e+05  -1.3967868e+05  -1.4390228e+05  -1.4215222e+05  -1.3683171e+05
  -1.2885281e+05  -1.3982104e+05  -1.4412120e+05  -1.4212654e+05  -1.3745134e+05
  -1.2879112e+05  -1.3972929e+05  -1.4406038e+05  -1.4215623e+05  -1.3758166e+05
  -1.2908635e+05  -1.3980420e+05  -1.4407734e+05  -1.4215000e+05  -1.3890726e+05
  -1.2998830e+05  -1.4015069e+05  -1.4411903e+05  -1.4267119e+05  -1.3912074e+05
  -1.3011466e+05  -1.4015294e+05  -1.4413344e+05  -1.4284484e+05  -1.3949685e+05
  -1.3020334e+05  -1.4012442e+05  -1.4451247e+05  -1.4298134e+05  -1.3963272e+05
  -1.3027972e+05  -1.4010176e+05  -1.4446515e+05  -1.4324518e+05  -1.3959121e+05
  -1.3039326e+05  -1.4013502e+05  -1.4455063e+05  -1.4311778e+05  -1.3959672e+05
  -1.3065687e+05  -1.4032138e+05  -1.4473181e+05  -1.4328965e+05  -1.3975051e+05
  -1.3091825e+05  -1.4021169e+05  -1.4485248e+05  -1.4337132e+05  -1.3953636e+05
  -1.3180326e+05  -1.3967393e+05  -1.4530561e+05  -1.4360380e+05  -1.3968696e+05
  -1.3195222e+05  -1.3915133e+05  -1.4258740e+05  -1.4365161e+05  -1.3961602e+05
  -1.3195546e+05  -1.3907427e+05  -1.4252828e+05  -1.4362973e+05  -1.3954425e+05
  -1.3216884e+05  -1.3905823e+05  -1.4253812e+05  -1.4368260e+05  -1.3951533e+05
  -1.3215861e+05  -1.3898699e+05  -1.4253417e+05  -1.4367524e+05  -1.3949089e+05
  -1.3217282e+05  -1.3917106e+05  -1.4263359e+05  -1.4379568e+05  -1.3948564e+05
  -1.3221763e+05  -1.3927194e+05  -1.4278049e+05  -1.4380036e+05  -1.3927449e+05
  -1.3392930e+05  -1.3955545e+05  -1.4290293e+05  -1.4415403e+05  -1.3938957e+05
  -1.3439585e+05  -1.3959295e+05  -1.4291968e+05  -1.4432743e+05  -1.3943488e+05
  -1.3447662e+05  -1.3960683e+05  -1.4285709e+05  -1.4434358e+05  -1.3942123e+05
  -1.3477066e+05  -1.3968415e+05  -1.4292814e+05  -1.4450318e+05  -1.3953104e+05
  -1.3529835e+05  -1.3975376e+05  -1.4294013e+05  -1.4465805e+05  -1.3962114e+05
  -1.3569170e+05  -1.4015293e+05  -1.4305225e+05  -1.4466848e+05  -1.3989835e+05
  -1.3583077e+05  -1.4053793e+05  -1.4307076e+05  -1.4489595e+05  -1.3990463e+05
  -1.3613746e+05  -1.4113674e+05  -1.4320470e+05  -1.4518681e+05  -1.3993703e+05
  -1.3611189e+05  -1.4144411e+05  -1.4340873e+05  -1.4540772e+05  -1.3998500e+05
  -1.3624164e+05  -1.4173657e+05  -1.4383227e+05  -1.4610331e+05  -1.4022938e+05
  -1.3602713e+05  -1.4171284e+05  -1.4385080e+05  -1.4621004e+05  -1.4019536e+05
  -1.3606410e+05  -1.4174740e+05  -1.4390059e+05  -1.4623157e+05  -1.4008007e+05
  -1.3599944e+05  -1.4187075e+05  -1.4412259e+05  -1.4617734e+05  -1.4004677e+05
  -1.3655784e+05  -1.4213991e+05  -1.4409107e+05  -1.4627297e+05  -1.3979852e+05
  -1.3649924e+05  -1.4211084e+05  -1.4403880e+05  -1.4620145e+05  -1.3971281e+05
  -1.3646672e+05  -1.4201392e+05  -1.4401854e+05  -1.4610486e+05  -1.3893699e+05
  -1.3643452e+05  -1.4185139e+05  -1.4397774e+05  -1.4589489e+05  -1.3886906e+05
  -1.3649944e+05  -1.4181774e+05  -1.4394823e+05  -1.4599525e+05  -1.3851110e+05
  -1.3645300e+05  -1.4187456e+05  -1.4359151e+05  -1.4602200e+05  -1.3846133e+05
  -1.3633720e+05  -1.4188153e+05  -1.4355656e+05  -1.4591967e+05  -1.3843826e+05
  -1.3624361e+05  -1.4185502e+05  -1.4354045e+05  -1.4592259e+05  -1.3849267e+05
  -1.3620799e+05  -1.4182197e+05  -1.4347691e+05  -1.4589912e+05  -1.3834508e+05
  -1.3629394e+05  -1.4189827e+05  -1.4349773e+05  -1.4596388e+05  -1.3859715e+05
  -1.3620918e+05  -1.4178946e+05  -1.4363007e+05  -1.4593899e+05  -1.3869979e+05
  -1.3617376e+05  -1.4181621e+05  -1.4368365e+05  -1.4593801e+05  -1.3867967e+05
  -1.3610424e+05  -1.4183903e+05  -1.4371025e+05  -1.4604020e+05  -1.3869883e+05
  -1.3619555e+05  -1.4186232e+05  -1.4374894e+05  -1.4603770e+05  -1.3873758e+05
  -1.3615637e+05  -1.4185795e+05  -1.4386922e+05  -1.4601850e+05  -1.3871858e+05
  -1.3610211e+05  -1.4199067e+05  -1.4390099e+05  -1.4598267e+05  -1.3875707e+05
  -1.3610447e+05  -1.4200490e+05  -1.4387983e+05  -1.4597354e+05  -1.3870785e+05
  -1.3563278e+05  -1.4196892e+05  -1.4388242e+05  -1.4593511e+05  -1.3866579e+05
  -1.3545589e+05  -1.4197708e+05  -1.4394607e+05  -1.4591850e+05  -1.3861138e+05
  -1.3539754e+05  -1.4193330e+05  -1.4393707e+05  -1.4587020e+05  -1.3856637e+05
  -1.3580695e+05  -1.4198120e+05  -1.4415227e+05  -1.4588683e+05  -1.3848369e+05
  -1.3552681e+05  -1.4199157e+05  -1.4417145e+05  -1.4581892e+05  -1.3840387e+05
  -1.3539110e+05  -1.4191725e+05  -1.4416307e+05  -1.4583659e+05  -1.3805649e+05
  -1.3532040e+05  -1.4184643e+05  -1.4420837e+05  -1.4573728e+05  -1.3813430e+05
  -1.3502420e+05  -1.4144608e+05  -1.4416373e+05  -1.4557573e+05  -1.3824356e+05
  -1.3510442e+05  -1.4160401e+05  -1.4412596e+05  -1.4559044e+05  -1.3832428e+05
  -1.3491848e+05  -1.4150116e+05  -1.4379357e+05  -1.4504989e+05  -1.3797740e+05
  -1.3489316e+05  -1.4157524e+05  -1.4388081e+05  -1.4500048e+05  -1.3821621e+05
  -1.3480046e+05  -1.4153722e+05  -1.4381357e+05  -1.4488602e+05  -1.3848337e+05
  -1.3483246e+05  -1.4146045e+05  -1.4360400e+05  -1.4487548e+05  -1.3865049e+05
  -1.3401653e+05  -1.4114574e+05  -1.4353454e+05  -1.4467804e+05  -1.3856484e+05
  -1.3391755e+05  -1.4116526e+05  -1.4352352e+05  -1.4457779e+05  -1.3860194e+05
  -1.3383920e+05  -1.4119483e+05  -1.4351704e+05  -1.4455921e+05  -1.3890196e+05
  -1.3361130e+05  -1.4111906e+05  -1.4348381e+05  -1.4448327e+05  -1.3884310e+05
  -1.3334476e+05  -1.4120972e+05  -1.4352578e+05  -1.4415174e+05  -1.3891486e+05
  -1.3326888e+05  -1.4118822e+05  -1.4354084e+05  -1.4392980e+05  -1.3888629e+05
  -1.3322570e+05  -1.4108861e+05  -1.4354819e+05  -1.4375038e+05  -1.3890780e+05
  -1.3327595e+05  -1.4111114e+05  -1.4357476e+05  -1.4370397e+05  -1.3904257e+05
  -1.3314682e+05  -1.4108700e+05  -1.4353234e+05  -1.4357624e+05  -1.3907729e+05
  -1.3266606e+05  -1.4100989e+05  -1.4341800e+05  -1.4337695e+05  -1.3887510e+05
  -1.3257976e+05  -1.4104234e+05  -1.4291953e+05  -1.4336317e+05  -1.3861399e+05
  -1.3249790e+05  -1.4111991e+05  -1.4300638e+05  -1.4351356e+05  -1.3868082e+05
  -1.3262155e+05  -1.4116094e+05  -1.4297301e+05  -1.4350739e+05  -1.3867074e+05
  -1.3241587e+05  -1.4110394e+05  -1.4297985e+05  -1.4352441e+05  -1.3878823e+05
  -1.3247504e+05  -1.4106322e+05  -1.4284816e+05  -1.4355963e+05  -1.3895573e+05
  -1.3247483e+05  -1.4074611e+05  -1.4268434e+05  -1.4356401e+05  -1.3891955e+05
  -1.3255300e+05  -1.4071623e+05  -1.4264315e+05  -1.4362502e+05  -1.3893727e+05
  -1.3281492e+05  -1.4086273e+05  -1.4276730e+05  -1.4379341e+05  -1.3905546e+05
  -1.3288976e+05  -1.4091959e+05  -1.4273638e+05  -1.4383338e+05  -1.3912071e+05
  -1.3345961e+05  -1.4103294e+05  -1.4279987e+05  -1.4391389e+05  -1.3915999e+05
