  -1.3740025e+05  -1.4493208e+05  -1.4925129e+05  -1.4757145e+05  -1.3903729e+05
  -1.3740273e+05  -1.4494079e+05  -1.4928488e+05  -1.4755319e+05  -1.3904514e+05
  -1.3740108e+05  -1.4495823e+05  -1.4927687e+05  -1.4757157e+05  -1.3893686e+05
  -1.3737753e+05  -1.4499281e+05  -1.4911140e+05  -1.4755386e+05  -1.3901546e+05
  -1.3711230e+05  -1.4500994e+05  -1.4909921e+05  -1.4762138e+05  -1.3908741e+05
  -1.3709421e+05  -1.4505019e+05  -1.4913523e+05  -1.4767097e+05  -1.3930469e+05
  -1.3710072e+05  -1.4508540e+05  -1.4930909e+05  -1.4789126e+05  -1.3937925e+05
  -1.3700458e+05  -1.4514834e+05  -1.4931397e+05  -1.4846253e+05  -1.3945665e+05
  -1.3711603e+05  -1.4516509e+05  -1.4931771e+05  -1.4845938e+05  -1.3936626e+05
  -1.3714052e+05  -1.4516777e+05  -1.4932957e+05  -1.4844195e+05  -1.3914154e+05
  -1.3651972e+05  -1.4518409e+05  -1.4931282e+05  -1.4844201e+05  -1.3920711e+05
  -1.3623455e+05  -1.4520275e+05  -1.4650819e+05  -1.4850662e+05  -1.3861810e+05
  -1.3624864e+05  -1.4492379e+05  -1.4604316e+05  -1.4851627e+05  -1.3855369e+05
  -1.3653775e+05  -1.4511872e+05  -1.4489555e+05  -1.4852450e+05  -1.3912800e+05
  -1.3647577e+05  -1.4513151e+05  -1.4447321e+05  -1.4856722e+05  -1.3922081e+05
  -1.3515271e+05  -1.4504591e+05  -1.4377600e+05  -1.4859552e+05  -1.3959039e+05
  -1.3491373e+05  -1.4503910e+05  -1.4375238e+05  -1.4847632e+05  -1.3967122e+05
  -1.3480428e+05  -1.4503734e+05  -1.4365005e+05  -1.4818605e+05  -1.3967646e+05
  -1.3480406e+05  -1.4504570e+05  -1.4370169e+05  -1.4820682e+05  -1.3974994e+05
  -1.3482606e+05  -1.4479521e+05  -1.4361963e+05  -1.4818238e+05  -1.3987374e+05
  -1.3463721e+05  -1.4479381e+05  -1.4334468e+05  -1.4797068e+05  -1.3984482e+05
  -1.3459334e+05  -1.4476682e+05  -1.4317128e+05  -1.4794556e+05  -1.3960986e+05
  -1.3460325e+05  -1.4474827e+05  -1.4314013e+05  -1.4681420e+05  -1.3955907e+05
  -1.3466190e+05  -1.4467364e+05  -1.4314323e+05  -1.4675458e+05  -1.3958537e+05
  -1.3466288e+05  -1.4448544e+05  -1.4307946e+05  -1.4658108e+05  -1.3960065e+05
  -1.3448515e+05  -1.4418199e+05  -1.4304636e+05  -1.4625771e+05  -1.3957735e+05
  -1.3401120e+05  -1.4232877e+05  -1.4305260e+05  -1.4584630e+05  -1.3945056e+05
  -1.3396091e+05  -1.4210354e+05  -1.4303573e+05  -1.4564609e+05  -1.3955434e+05
  -1.3394273e+05  -1.4212694e+05  -1.4305088e+05  -1.4528360e+05  -1.3972664e+05
  -1.3386631e+05  -1.4209965e+05  -1.4308979e+05  -1.4523485e+05  -1.4090195e+05
  -1.3391326e+05  -1.4201750e+05  -1.4317449e+05  -1.4523031e+05  -1.4092982e+05
  -1.3395251e+05  -1.4199795e+05  -1.4306780e+05  -1.4526640e+05  -1.4095379e+05
  -1.3404681e+05  -1.4194668e+05  -1.4299616e+05  -1.4523096e+05  -1.4095539e+05
  -1.3405443e+05  -1.4185071e+05  -1.4297335e+05  -1.4523532e+05  -1.4087429e+05
  -1.3405309e+05  -1.4186739e+05  -1.4295360e+05  -1.4513292e+05  -1.4089652e+05
  -1.3407419e+05  -1.4176069e+05  -1.4287890e+05  -1.4493622e+05  -1.4134690e+05
  -1.3379783e+05  -1.4173259e+05  -1.4199830e+05  -1.4440342e+05  -1.4118000e+05
  -1.3373233e+05  -1.4160243e+05  -1.4188020e+05  -1.4287085e+05  -1.4119041e+05
  -1.3338292e+05  -1.4156574e+05  -1.4190325e+05  -1.4266433e+05  -1.4115433e+05
  -1.3322998e+05  -1.4123575e+05  -1.4181098e+05  -1.4262949e+05  -1.4126598e+05
  -1.3312093e+05  -1.4121580e+05  -1.4188184e+05  -1.4249331e+05  -1.4121643e+05
  -1.3301828e+05  -1.4105176e+05  -1.4178735e+05  -1.4191087e+05  -1.4120558e+05
  -1.3268439e+05  -1.4104093e+05  -1.4156585e+05  -1.4178626e+05  -1.4121191e+05
  -1.3165843e+05  -1.4032730e+05  -1.4149388e+05  -1.4168595e+05  -1.4098823e+05
  -1.3151787e+05  -1.4010004e+05  -1.4158009e+05  -1.4128452e+05  -1.4096386e+05
  -1.3126904e+05  -1.3994858e+05  -1.4163754e+05  -1.4084786e+05  -1.4082753e+05
  -1.3130931e+05  -1.3983982e+05  -1.4158413e+05  -1.4073446e+05  -1.4077683e+05
  -1.3165612e+05  -1.3983168e+05  -1.4164148e+05  -1.4075282e+05  -1.4084235e+05
  -1.3164671e+05  -1.3978772e+05  -1.4169043e+05  -1.4086339e+05  -1.4079297e+05
  -1.3192796e+05  -1.3973010e+05  -1.4171221e+05  -1.4116455e+05  -1.4086998e+05
  -1.3181338e+05  -1.3952195e+05  -1.4167227e+05  -1.4196368e+05  -1.4083876e+05
  -1.3177911e+05  -1.3938693e+05  -1.4158251e+05  -1.4199987e+05  -1.4084670e+05
  -1.3175436e+05  -1.3944000e+05  -1.4156026e+05  -1.4213044e+05  -1.4090915e+05
  -1.3177901e+05  -1.3913892e+05  -1.4148197e+05  -1.4194997e+05  -1.4093458e+05
  -1.3181583e+05  -1.3937452e+05  -1.4150849e+05  -1.4233104e+05  -1.4094706e+05
  -1.3183263e+05  -1.3957897e+05  -1.4153365e+05  -1.4240713e+05  -1.4100995e+05
  -1.3181545e+05  -1.3978799e+05  -1.4145757e+05  -1.4276030e+05  -1.4111007e+05
  -1.3175672e+05  -1.4009061e+05  -1.4149048e+05  -1.4289309e+05  -1.4105261e+05
  -1.3180772e+05  -1.4011385e+05  -1.4153032e+05  -1.4324644e+05  -1.4087262e+05
  -1.3181333e+05  -1.4011434e+05  -1.4141306e+05  -1.4329351e+05  -1.3958124e+05
  -1.3180446e+05  -1.4014262e+05  -1.4126457e+05  -1.4328066e+05  -1.3949762e+05
  -1.3181821e+05  -1.4011089e+05  -1.4121868e+05  -1.4334609e+05  -1.3946431e+05
  -1.3161382e+05  -1.4010050e+05  -1.4109121e+05  -1.4345600e+05  -1.3942406e+05
  -1.3170263e+05  -1.4031222e+05  -1.4118923e+05  -1.4362356e+05  -1.3944994e+05
  -1.3163377e+05  -1.4043903e+05  -1.4155746e+05  -1.4363117e+05  -1.3930238e+05
  -1.3161994e+05  -1.4050703e+05  -1.4158164e+05  -1.4370560e+05  -1.3830078e+05
  -1.3165271e+05  -1.4046553e+05  -1.4164879e+05  -1.4378452e+05  -1.3841321e+05
  -1.3161158e+05  -1.4042941e+05  -1.4168863e+05  -1.4387898e+05  -1.3820619e+05
  -1.3211192e+05  -1.4035569e+05  -1.4170647e+05  -1.4388118e+05  -1.3815035e+05
  -1.3258518e+05  -1.4025664e+05  -1.4166895e+05  -1.4384060e+05  -1.3782240e+05
  -1.3243015e+05  -1.4016706e+05  -1.4232134e+05  -1.4383200e+05  -1.3778749e+05
  -1.3242459e+05  -1.4016716e+05  -1.4227926e+05  -1.4390505e+05  -1.3781888e+05
  -1.3242849e+05  -1.4016485e+05  -1.4212005e+05  -1.4389914e+05  -1.3779945e+05
  -1.3245351e+05  -1.4022192e+05  -1.4171475e+05  -1.4382875e+05  -1.3750222e+05
  -1.3248694e+05  -1.4040292e+05  -1.4161063e+05  -1.4406229e+05  -1.3723037e+05
  -1.3242562e+05  -1.4049181e+05  -1.4147179e+05  -1.4411986e+05  -1.3686115e+05
  -1.3234981e+05  -1.4052233e+05  -1.4150835e+05  -1.4442785e+05  -1.3716769e+05
  -1.3198081e+05  -1.4062991e+05  -1.4136252e+05  -1.4440195e+05  -1.3705069e+05
  -1.3189800e+05  -1.4101063e+05  -1.4111972e+05  -1.4438714e+05  -1.3723749e+05
  -1.3143715e+05  -1.4102238e+05  -1.4114111e+05  -1.4422600e+05  -1.3686603e+05
  -1.3319131e+05  -1.4097563e+05  -1.4116834e+05  -1.4374463e+05  -1.3683165e+05
  -1.3325153e+05  -1.4095668e+05  -1.4116559e+05  -1.4358176e+05  -1.3684200e+05
  -1.3326526e+05  -1.4098546e+05  -1.4120466e+05  -1.4348585e+05  -1.3672790e+05
  -1.3340148e+05  -1.4094538e+05  -1.4117202e+05  -1.4445852e+05  -1.3672218e+05
  -1.3354119e+05  -1.4073988e+05  -1.4106612e+05  -1.4466697e+05  -1.3667597e+05
  -1.3356645e+05  -1.4051099e+05  -1.4108028e+05  -1.4480692e+05  -1.3661982e+05
  -1.3355717e+05  -1.4032525e+05  -1.4113879e+05  -1.4462124e+05  -1.3636994e+05
  -1.3359994e+05  -1.4003725e+05  -1.4111996e+05  -1.4453670e+05  -1.3619738e+05
  -1.3353545e+05  -1.3962667e+05  -1.4104878e+05  -1.4430490e+05  -1.3647505e+05
  -1.3353974e+05  -1.3961394e+05  -1.4104217e+05  -1.4511470e+05  -1.3650595e+05
  -1.3354959e+05  -1.3964070e+05  -1.4103791e+05  -1.4522280e+05  -1.3651568e+05
  -1.3354048e+05  -1.3962037e+05  -1.4104817e+05  -1.4531645e+05  -1.3652957e+05
  -1.3352005e+05  -1.3966891e+05  -1.4109541e+05  -1.4522749e+05  -1.3717243e+05
  -1.3342699e+05  -1.3941584e+05  -1.4103918e+05  -1.4516382e+05  -1.3755563e+05
  -1.3377075e+05  -1.3917585e+05  -1.4056764e+05  -1.4518676e+05  -1.3757341e+05
  -1.3376157e+05  -1.3915986e+05  -1.4045972e+05  -1.4513453e+05  -1.3760890e+05
  -1.3374533e+05  -1.3931397e+05  -1.4044162e+05  -1.4518749e+05  -1.3763515e+05
  -1.3372720e+05  -1.3942651e+05  -1.4033242e+05  -1.4520433e+05  -1.3777599e+05
  -1.3335361e+05  -1.3973958e+05  -1.4009428e+05  -1.4521454e+05  -1.3778308e+05
  -1.3291952e+05  -1.3976081e+05  -1.4012241e+05  -1.4520305e+05  -1.3781458e+05
  -1.3291526e+05  -1.4022028e+05  -1.3913711e+05  -1.4521502e+05  -1.3796485e+05
  -1.3293154e+05  -1.4039128e+05  -1.4035726e+05  -1.4513743e+05  -1.3796013e+05
  -1.3295407e+05  -1.4043495e+05  -1.4050429e+05  -1.4512828e+05  -1.3795111e+05
  -1.3295345e+05  -1.4039142e+05  -1.4042907e+05  -1.4514893e+05  -1.3788520e+05
  -1.3301069e+05  -1.4032044e+05  -1.4069824e+05  -1.4504530e+05  -1.3803834e+05
  -1.3300151e+05  -1.4028283e+05  -1.4087278e+05  -1.4499781e+05  -1.3804299e+05
  -1.3297920e+05  -1.4032849e+05  -1.4123468e+05  -1.4481931e+05  -1.3783134e+05
  -1.3302623e+05  -1.4022781e+05  -1.4124037e+05  -1.4520443e+05  -1.3780347e+05
  -1.3312232e+05  -1.3979428e+05  -1.4125936e+05  -1.4513581e+05  -1.3764625e+05
  -1.3359439e+05  -1.3969945e+05  -1.4131276e+05  -1.4520544e+05  -1.3760575e+05
  -1.3207281e+05  -1.3974527e+05  -1.4128618e+05  -1.4525446e+05  -1.3784768e+05
  -1.3200432e+05  -1.3985536e+05  -1.4146883e+05  -1.4531743e+05  -1.3788838e+05
  -1.3195376e+05  -1.3987196e+05  -1.4147270e+05  -1.4531810e+05  -1.3788499e+05
  -1.3150589e+05  -1.3991297e+05  -1.4150084e+05  -1.4452352e+05  -1.3777764e+05
  -1.3123079e+05  -1.3987566e+05  -1.4153735e+05  -1.4412693e+05  -1.3776261e+05
  -1.3112668e+05  -1.3989718e+05  -1.4148049e+05  -1.4396524e+05  -1.3770291e+05
  -1.3109344e+05  -1.3996243e+05  -1.4156692e+05  -1.4397553e+05  -1.3779301e+05
  -1.3103893e+05  -1.3998873e+05  -1.4159128e+05  -1.4414113e+05  -1.3781514e+05
  -1.3099717e+05  -1.4004283e+05  -1.4163974e+05  -1.4416706e+05  -1.3752174e+05
  -1.3098301e+05  -1.4015804e+05  -1.4162072e+05  -1.4330442e+05  -1.3781145e+05
  -1.3101241e+05  -1.4079295e+05  -1.4163386e+05  -1.4322549e+05  -1.3795129e+05
  -1.3100531e+05  -1.4117525e+05  -1.4484389e+05  -1.4305553e+05  -1.3815230e+05
  -1.3097369e+05  -1.4120686e+05  -1.4487558e+05  -1.4322497e+05  -1.3778420e+05
  -1.3099107e+05  -1.4122546e+05  -1.4487016e+05  -1.4319584e+05  -1.3741212e+05
  -1.3037741e+05  -1.4124446e+05  -1.4490337e+05  -1.4316091e+05  -1.3742414e+05
  -1.3041817e+05  -1.4120793e+05  -1.4491472e+05  -1.4316611e+05  -1.3732866e+05
  -1.3027557e+05  -1.4114398e+05  -1.4491533e+05  -1.4324208e+05  -1.3754145e+05
  -1.3059440e+05  -1.4116474e+05  -1.4490838e+05  -1.4313804e+05  -1.3740815e+05
  -1.3060184e+05  -1.4095859e+05  -1.4491963e+05  -1.4312999e+05  -1.3739940e+05
  -1.3062672e+05  -1.4096328e+05  -1.4499284e+05  -1.4315991e+05  -1.3737294e+05
  -1.3059273e+05  -1.4057761e+05  -1.4495213e+05  -1.4314830e+05  -1.3716487e+05
  -1.3053798e+05  -1.4042269e+05  -1.4451660e+05  -1.4320200e+05  -1.3714878e+05
  -1.3049367e+05  -1.4031447e+05  -1.4447053e+05  -1.4342033e+05  -1.3709850e+05
  -1.3045810e+05  -1.4026393e+05  -1.4451567e+05  -1.4343738e+05  -1.3698602e+05
  -1.3027598e+05  -1.4017233e+05  -1.4435353e+05  -1.4329980e+05  -1.3663030e+05
  -1.3029056e+05  -1.4006237e+05  -1.4426064e+05  -1.4325351e+05  -1.3655459e+05
  -1.3032057e+05  -1.3995323e+05  -1.4399941e+05  -1.4311143e+05  -1.3644856e+05
  -1.3072198e+05  -1.3991149e+05  -1.4404674e+05  -1.4239796e+05  -1.3654127e+05
  -1.3060824e+05  -1.3986606e+05  -1.4405067e+05  -1.4246113e+05  -1.3689974e+05
  -1.2932018e+05  -1.3986958e+05  -1.4403690e+05  -1.4231876e+05  -1.3699836e+05
  -1.2901127e+05  -1.4000105e+05  -1.4424463e+05  -1.4228404e+05  -1.3761445e+05
  -1.2895490e+05  -1.3989346e+05  -1.4417730e+05  -1.4230950e+05  -1.3772976e+05
  -1.2924465e+05  -1.3998399e+05  -1.4419791e+05  -1.4230106e+05  -1.3903320e+05
  -1.3010851e+05  -1.4030391e+05  -1.4424033e+05  -1.4281769e+05  -1.3925253e+05
  -1.3023166e+05  -1.4029668e+05  -1.4424805e+05  -1.4298685e+05  -1.3962963e+05
  -1.3032679e+05  -1.4026888e+05  -1.4462328e+05  -1.4313527e+05  -1.3976367e+05
  -1.3038139e+05  -1.4023817e+05  -1.4456383e+05  -1.4336911e+05  -1.3972699e+05
  -1.3050000e+05  -1.4026385e+05  -1.4465536e+05  -1.4324917e+05  -1.3973614e+05
  -1.3075414e+05  -1.4043950e+05  -1.4481982e+05  -1.4341165e+05  -1.3987173e+05
  -1.3101103e+05  -1.4032952e+05  -1.4494218e+05  -1.4349458e+05  -1.3965178e+05
  -1.3188413e+05  -1.3981276e+05  -1.4540438e+05  -1.4373281e+05  -1.3979732e+05
  -1.3203968e+05  -1.3929738e+05  -1.4272807e+05  -1.4378458e+05  -1.3972191e+05
  -1.3203754e+05  -1.3921082e+05  -1.4266192e+05  -1.4376531e+05  -1.3964248e+05
  -1.3225796e+05  -1.3920047e+05  -1.4267286e+05  -1.4382933e+05  -1.3962282e+05
  -1.3224066e+05  -1.3913569e+05  -1.4266870e+05  -1.4384215e+05  -1.3959683e+05
  -1.3226399e+05  -1.3933879e+05  -1.4278519e+05  -1.4397160e+05  -1.3960002e+05
  -1.3231541e+05  -1.3945450e+05  -1.4296510e+05  -1.4399294e+05  -1.3939386e+05
  -1.3401673e+05  -1.3977185e+05  -1.4311322e+05  -1.4437766e+05  -1.3953110e+05
  -1.3449857e+05  -1.3982306e+05  -1.4315343e+05  -1.4457796e+05  -1.3958638e+05
  -1.3459153e+05  -1.3984585e+05  -1.4308234e+05  -1.4459789e+05  -1.3957748e+05
  -1.3489074e+05  -1.3993347e+05  -1.4316934e+05  -1.4477495e+05  -1.3968088e+05
  -1.3542662e+05  -1.4001146e+05  -1.4319577e+05  -1.4494696e+05  -1.3977829e+05
  -1.3581433e+05  -1.4039708e+05  -1.4330202e+05  -1.4495240e+05  -1.4003779e+05
  -1.3597357e+05  -1.4081015e+05  -1.4334208e+05  -1.4519597e+05  -1.4005710e+05
  -1.3629933e+05  -1.4142086e+05  -1.4347528e+05  -1.4550791e+05  -1.4011406e+05
  -1.3628499e+05  -1.4175329e+05  -1.4369100e+05  -1.4574837e+05  -1.4017232e+05
  -1.3642110e+05  -1.4206215e+05  -1.4410597e+05  -1.4642838e+05  -1.4043626e+05
  -1.3621411e+05  -1.4207011e+05  -1.4414091e+05  -1.4654855e+05  -1.4040299e+05
  -1.3625331e+05  -1.4209578e+05  -1.4419360e+05  -1.4658337e+05  -1.4028310e+05
  -1.3619718e+05  -1.4224797e+05  -1.4444672e+05  -1.4656604e+05  -1.4025555e+05
  -1.3673544e+05  -1.4249590e+05  -1.4442550e+05  -1.4665841e+05  -1.4001328e+05
  -1.3669457e+05  -1.4247873e+05  -1.4439826e+05  -1.4658924e+05  -1.3993511e+05
  -1.3667367e+05  -1.4237600e+05  -1.4438577e+05  -1.4650677e+05  -1.3917815e+05
  -1.3665154e+05  -1.4225361e+05  -1.4436584e+05  -1.4631400e+05  -1.3911196e+05
  -1.3673315e+05  -1.4225565e+05  -1.4436709e+05  -1.4645015e+05  -1.3878357e+05
  -1.3667823e+05  -1.4232010e+05  -1.4402561e+05  -1.4649651e+05  -1.3873150e+05
  -1.3658095e+05  -1.4233657e+05  -1.4400475e+05  -1.4641356e+05  -1.3870514e+05
  -1.3649125e+05  -1.4231256e+05  -1.4396964e+05  -1.4644924e+05  -1.3877218e+05
  -1.3647101e+05  -1.4231779e+05  -1.4393496e+05  -1.4644091e+05  -1.3866268e+05
  -1.3655867e+05  -1.4240646e+05  -1.4396638e+05  -1.4651517e+05  -1.3892505e+05
  -1.3647440e+05  -1.4230764e+05  -1.4405953e+05  -1.4650248e+05  -1.3903512e+05
  -1.3643132e+05  -1.4232941e+05  -1.4413103e+05  -1.4650828e+05  -1.3901712e+05
  -1.3636901e+05  -1.4236592e+05  -1.4415765e+05  -1.4657509e+05  -1.3902452e+05
  -1.3645219e+05  -1.4240030e+05  -1.4419923e+05  -1.4659354e+05  -1.3905521e+05
  -1.3643137e+05  -1.4241212e+05  -1.4431058e+05  -1.4659042e+05  -1.3904753e+05
  -1.3637777e+05  -1.4251099e+05  -1.4433860e+05  -1.4656043e+05  -1.3909283e+05
  -1.3636904e+05  -1.4251182e+05  -1.4428405e+05  -1.4653892e+05  -1.3905271e+05
  -1.3588424e+05  -1.4244713e+05  -1.4425654e+05  -1.4645777e+05  -1.3897327e+05
  -1.3567331e+05  -1.4244187e+05  -1.4428128e+05  -1.4641360e+05  -1.3891475e+05
  -1.3561091e+05  -1.4240281e+05  -1.4429848e+05  -1.4637955e+05  -1.3888333e+05
  -1.3599871e+05  -1.4244866e+05  -1.4450493e+05  -1.4639151e+05  -1.3883157e+05
  -1.3571745e+05  -1.4247574e+05  -1.4452063e+05  -1.4632384e+05  -1.3876670e+05
  -1.3559294e+05  -1.4241116e+05  -1.4452762e+05  -1.4635450e+05  -1.3848662e+05
  -1.3550992e+05  -1.4232092e+05  -1.4457983e+05  -1.4625714e+05  -1.3856681e+05
  -1.3520300e+05  -1.4194441e+05  -1.4454754e+05  -1.4609009e+05  -1.3865816e+05
  -1.3528904e+05  -1.4209493e+05  -1.4450632e+05  -1.4612801e+05  -1.3875726e+05
  -1.3509843e+05  -1.4201002e+05  -1.4420934e+05  -1.4563937e+05  -1.3842357e+05
  -1.3507866e+05  -1.4210388e+05  -1.4430844e+05  -1.4560641e+05  -1.3865848e+05
  -1.3498954e+05  -1.4210025e+05  -1.4425941e+05  -1.4550533e+05  -1.3890121e+05
  -1.3501431e+05  -1.4197145e+05  -1.4402547e+05  -1.4545274e+05  -1.3904583e+05
  -1.3422719e+05  -1.4170321e+05  -1.4396237e+05  -1.4529562e+05  -1.3896838e+05
  -1.3412927e+05  -1.4171299e+05  -1.4393880e+05  -1.4521383e+05  -1.3901939e+05
  -1.3404319e+05  -1.4176045e+05  -1.4394319e+05  -1.4519840e+05  -1.3930584e+05
  -1.3381565e+05  -1.4169632e+05  -1.4390419e+05  -1.4513219e+05  -1.3924406e+05
  -1.3353425e+05  -1.4178385e+05  -1.4395239e+05  -1.4479375e+05  -1.3928743e+05
  -1.3346501e+05  -1.4176401e+05  -1.4398927e+05  -1.4458909e+05  -1.3929008e+05
  -1.3342194e+05  -1.4166805e+05  -1.4398713e+05  -1.4444953e+05  -1.3930297e+05
  -1.3345770e+05  -1.4168891e+05  -1.4401871e+05  -1.4434137e+05  -1.3941254e+05
  -1.3332080e+05  -1.4163030e+05  -1.4395431e+05  -1.4422830e+05  -1.3943350e+05
  -1.3283747e+05  -1.4154221e+05  -1.4384373e+05  -1.4403218e+05  -1.3922200e+05
  -1.3276168e+05  -1.4156675e+05  -1.4340548e+05  -1.4401077e+05  -1.3896388e+05
  -1.3267877e+05  -1.4161081e+05  -1.4343924e+05  -1.4410820e+05  -1.3902297e+05
  -1.3280999e+05  -1.4164204e+05  -1.4339603e+05  -1.4409827e+05  -1.3902630e+05
  -1.3261533e+05  -1.4157118e+05  -1.4341035e+05  -1.4410270e+05  -1.3914368e+05
  -1.3265583e+05  -1.4152537e+05  -1.4326752e+05  -1.4413507e+05  -1.3930778e+05
  -1.3265436e+05  -1.4123061e+05  -1.4309169e+05  -1.4412017e+05  -1.3926619e+05
  -1.3272435e+05  -1.4118056e+05  -1.4305722e+05  -1.4415476e+05  -1.3927587e+05
  -1.3297672e+05  -1.4130058e+05  -1.4316504e+05  -1.4429584e+05  -1.3938120e+05
  -1.3307164e+05  -1.4135667e+05  -1.4315112e+05  -1.4433206e+05  -1.3944149e+05
  -1.3364161e+05  -1.4145247e+05  -1.4319077e+05  -1.4439382e+05  -1.3946747e+05
