  -1.3727459e+05  -1.4470170e+05  -1.4909878e+05  -1.4722159e+05  -1.3880914e+05
  -1.3727458e+05  -1.4471280e+05  -1.4913445e+05  -1.4720506e+05  -1.3881777e+05
  -1.3727065e+05  -1.4473337e+05  -1.4913327e+05  -1.4722846e+05  -1.3872624e+05
  -1.3725463e+05  -1.4477917e+05  -1.4897210e+05  -1.4721241e+05  -1.3881386e+05
  -1.3698500e+05  -1.4480022e+05  -1.4896079e+05  -1.4728577e+05  -1.3888641e+05
  -1.3698038e+05  -1.4483227e+05  -1.4899655e+05  -1.4732489e+05  -1.3912901e+05
  -1.3697731e+05  -1.4485872e+05  -1.4915735e+05  -1.4755426e+05  -1.3921304e+05
  -1.3688435e+05  -1.4492277e+05  -1.4916962e+05  -1.4816572e+05  -1.3930193e+05
  -1.3700259e+05  -1.4494714e+05  -1.4917906e+05  -1.4816729e+05  -1.3923315e+05
  -1.3701613e+05  -1.4495114e+05  -1.4919221e+05  -1.4814312e+05  -1.3899585e+05
  -1.3641605e+05  -1.4498402e+05  -1.4918679e+05  -1.4813690e+05  -1.3907625e+05
  -1.3610495e+05  -1.4497863e+05  -1.4629935e+05  -1.4819114e+05  -1.3846726e+05
  -1.3611858e+05  -1.4469593e+05  -1.4583778e+05  -1.4821816e+05  -1.3839997e+05
  -1.3643430e+05  -1.4494127e+05  -1.4462822e+05  -1.4822802e+05  -1.3899173e+05
  -1.3637410e+05  -1.4495345e+05  -1.4421748e+05  -1.4826593e+05  -1.3909478e+05
  -1.3497604e+05  -1.4486787e+05  -1.4350793e+05  -1.4828787e+05  -1.3946798e+05
  -1.3473125e+05  -1.4487626e+05  -1.4349836e+05  -1.4818504e+05  -1.3955070e+05
  -1.3463486e+05  -1.4487675e+05  -1.4339770e+05  -1.4788324e+05  -1.3956455e+05
  -1.3461141e+05  -1.4487181e+05  -1.4343041e+05  -1.4789931e+05  -1.3963581e+05
  -1.3464796e+05  -1.4461197e+05  -1.4336205e+05  -1.4789274e+05  -1.3976893e+05
  -1.3441416e+05  -1.4462290e+05  -1.4305767e+05  -1.4766686e+05  -1.3974036e+05
  -1.3436959e+05  -1.4460046e+05  -1.4290224e+05  -1.4764452e+05  -1.3951265e+05
  -1.3439552e+05  -1.4458208e+05  -1.4286736e+05  -1.4652603e+05  -1.3945499e+05
  -1.3447337e+05  -1.4452204e+05  -1.4286548e+05  -1.4650245e+05  -1.3948258e+05
  -1.3447889e+05  -1.4432385e+05  -1.4279617e+05  -1.4634010e+05  -1.3949848e+05
  -1.3430446e+05  -1.4401869e+05  -1.4277216e+05  -1.4603534e+05  -1.3947088e+05
  -1.3382259e+05  -1.4208643e+05  -1.4275015e+05  -1.4563069e+05  -1.3934357e+05
  -1.3378394e+05  -1.4186366e+05  -1.4273926e+05  -1.4544142e+05  -1.3944347e+05
  -1.3377463e+05  -1.4188540e+05  -1.4276563e+05  -1.4505838e+05  -1.3961959e+05
  -1.3371655e+05  -1.4185044e+05  -1.4278988e+05  -1.4500661e+05  -1.4079409e+05
  -1.3377886e+05  -1.4178296e+05  -1.4286308e+05  -1.4500594e+05  -1.4081027e+05
  -1.3380874e+05  -1.4175222e+05  -1.4275960e+05  -1.4503654e+05  -1.4081823e+05
  -1.3390780e+05  -1.4169460e+05  -1.4268809e+05  -1.4499231e+05  -1.4081459e+05
  -1.3391102e+05  -1.4160160e+05  -1.4265974e+05  -1.4500383e+05  -1.4073621e+05
  -1.3390152e+05  -1.4161232e+05  -1.4265207e+05  -1.4489796e+05  -1.4075455e+05
  -1.3391189e+05  -1.4152170e+05  -1.4258386e+05  -1.4471685e+05  -1.4121698e+05
  -1.3364695e+05  -1.4149745e+05  -1.4169957e+05  -1.4417705e+05  -1.4103570e+05
  -1.3358646e+05  -1.4135602e+05  -1.4155597e+05  -1.4254821e+05  -1.4102887e+05
  -1.3322279e+05  -1.4132598e+05  -1.4158194e+05  -1.4231869e+05  -1.4099910e+05
  -1.3306924e+05  -1.4098964e+05  -1.4148718e+05  -1.4227917e+05  -1.4111951e+05
  -1.3292712e+05  -1.4094348e+05  -1.4154623e+05  -1.4213528e+05  -1.4106744e+05
  -1.3284988e+05  -1.4081701e+05  -1.4146611e+05  -1.4158076e+05  -1.4107360e+05
  -1.3252870e+05  -1.4082450e+05  -1.4120019e+05  -1.4146614e+05  -1.4108674e+05
  -1.3145987e+05  -1.4001716e+05  -1.4110554e+05  -1.4135424e+05  -1.4084886e+05
  -1.3133117e+05  -1.3978570e+05  -1.4121209e+05  -1.4095528e+05  -1.4083183e+05
  -1.3110575e+05  -1.3962920e+05  -1.4128640e+05  -1.4047555e+05  -1.4069284e+05
  -1.3113868e+05  -1.3951085e+05  -1.4123249e+05  -1.4035353e+05  -1.4065485e+05
  -1.3147497e+05  -1.3951643e+05  -1.4129726e+05  -1.4041647e+05  -1.4072409e+05
  -1.3146035e+05  -1.3947296e+05  -1.4136415e+05  -1.4054564e+05  -1.4067767e+05
  -1.3172972e+05  -1.3944964e+05  -1.4140488e+05  -1.4086287e+05  -1.4076657e+05
  -1.3161549e+05  -1.3921798e+05  -1.4138052e+05  -1.4169270e+05  -1.4072874e+05
  -1.3158514e+05  -1.3908754e+05  -1.4129683e+05  -1.4173114e+05  -1.4074189e+05
  -1.3153393e+05  -1.3913144e+05  -1.4128728e+05  -1.4184571e+05  -1.4080700e+05
  -1.3158414e+05  -1.3882657e+05  -1.4122350e+05  -1.4165573e+05  -1.4083196e+05
  -1.3160239e+05  -1.3907538e+05  -1.4126029e+05  -1.4199690e+05  -1.4084624e+05
  -1.3162252e+05  -1.3933282e+05  -1.4129174e+05  -1.4207987e+05  -1.4091886e+05
  -1.3159884e+05  -1.3955522e+05  -1.4124091e+05  -1.4243660e+05  -1.4102866e+05
  -1.3154268e+05  -1.3985016e+05  -1.4126864e+05  -1.4259370e+05  -1.4097121e+05
  -1.3160566e+05  -1.3985806e+05  -1.4129091e+05  -1.4294833e+05  -1.4079794e+05
  -1.3161780e+05  -1.3986393e+05  -1.4119788e+05  -1.4301643e+05  -1.3951279e+05
  -1.3161061e+05  -1.3989090e+05  -1.4106734e+05  -1.4300711e+05  -1.3944080e+05
  -1.3163663e+05  -1.3988260e+05  -1.4103972e+05  -1.4308562e+05  -1.3941548e+05
  -1.3143633e+05  -1.3987599e+05  -1.4092510e+05  -1.4321353e+05  -1.3937384e+05
  -1.3154387e+05  -1.4007795e+05  -1.4102077e+05  -1.4338078e+05  -1.3939563e+05
  -1.3147874e+05  -1.4021092e+05  -1.4137200e+05  -1.4339134e+05  -1.3925368e+05
  -1.3146907e+05  -1.4027628e+05  -1.4140391e+05  -1.4347320e+05  -1.3823436e+05
  -1.3148398e+05  -1.4024968e+05  -1.4147520e+05  -1.4354974e+05  -1.3834802e+05
  -1.3144110e+05  -1.4022151e+05  -1.4152901e+05  -1.4363197e+05  -1.3814828e+05
  -1.3196583e+05  -1.4013720e+05  -1.4153808e+05  -1.4362643e+05  -1.3807424e+05
  -1.3247114e+05  -1.4003533e+05  -1.4150990e+05  -1.4359013e+05  -1.3774495e+05
  -1.3232077e+05  -1.3996079e+05  -1.4220149e+05  -1.4359111e+05  -1.3771597e+05
  -1.3231293e+05  -1.3995236e+05  -1.4216137e+05  -1.4366907e+05  -1.3774440e+05
  -1.3230503e+05  -1.3993584e+05  -1.4200396e+05  -1.4365043e+05  -1.3772646e+05
  -1.3233602e+05  -1.4001466e+05  -1.4160944e+05  -1.4358558e+05  -1.3743599e+05
  -1.3236766e+05  -1.4019099e+05  -1.4149290e+05  -1.4383779e+05  -1.3715371e+05
  -1.3230298e+05  -1.4027573e+05  -1.4134672e+05  -1.4391204e+05  -1.3678513e+05
  -1.3222757e+05  -1.4032733e+05  -1.4137950e+05  -1.4422002e+05  -1.3710050e+05
  -1.3186764e+05  -1.4045510e+05  -1.4124468e+05  -1.4420239e+05  -1.3698252e+05
  -1.3180712e+05  -1.4086151e+05  -1.4099824e+05  -1.4417134e+05  -1.3717318e+05
  -1.3134167e+05  -1.4086416e+05  -1.4100965e+05  -1.4400260e+05  -1.3677947e+05
  -1.3313497e+05  -1.4081294e+05  -1.4102230e+05  -1.4350262e+05  -1.3674413e+05
  -1.3319401e+05  -1.4079740e+05  -1.4102098e+05  -1.4335669e+05  -1.3674848e+05
  -1.3320286e+05  -1.4083389e+05  -1.4104123e+05  -1.4326260e+05  -1.3663110e+05
  -1.3331329e+05  -1.4077292e+05  -1.4098748e+05  -1.4428825e+05  -1.3660431e+05
  -1.3345248e+05  -1.4055292e+05  -1.4086303e+05  -1.4451974e+05  -1.3655156e+05
  -1.3348336e+05  -1.4031198e+05  -1.4086277e+05  -1.4465305e+05  -1.3647401e+05
  -1.3348179e+05  -1.4013271e+05  -1.4092555e+05  -1.4448541e+05  -1.3621175e+05
  -1.3352258e+05  -1.3985214e+05  -1.4090534e+05  -1.4440042e+05  -1.3604262e+05
  -1.3345530e+05  -1.3944353e+05  -1.4084593e+05  -1.4417112e+05  -1.3633329e+05
  -1.3345647e+05  -1.3942951e+05  -1.4081237e+05  -1.4498459e+05  -1.3635097e+05
  -1.3346322e+05  -1.3945925e+05  -1.4080567e+05  -1.4508264e+05  -1.3636321e+05
  -1.3345946e+05  -1.3943761e+05  -1.4081816e+05  -1.4515920e+05  -1.3638071e+05
  -1.3344341e+05  -1.3949479e+05  -1.4086707e+05  -1.4507150e+05  -1.3706327e+05
  -1.3333668e+05  -1.3923562e+05  -1.4079266e+05  -1.4499474e+05  -1.3744900e+05
  -1.3370235e+05  -1.3899596e+05  -1.4034309e+05  -1.4502284e+05  -1.3745849e+05
  -1.3369425e+05  -1.3897592e+05  -1.4022391e+05  -1.4496027e+05  -1.3748833e+05
  -1.3368071e+05  -1.3911747e+05  -1.4020550e+05  -1.4500809e+05  -1.3752139e+05
  -1.3366564e+05  -1.3923258e+05  -1.4008501e+05  -1.4502492e+05  -1.3766277e+05
  -1.3329784e+05  -1.3955514e+05  -1.3984031e+05  -1.4504867e+05  -1.3767587e+05
  -1.3285255e+05  -1.3957585e+05  -1.3987731e+05  -1.4503699e+05  -1.3770677e+05
  -1.3284315e+05  -1.4004187e+05  -1.3879858e+05  -1.4502957e+05  -1.3785369e+05
  -1.3286516e+05  -1.4021261e+05  -1.4009004e+05  -1.4494486e+05  -1.3784109e+05
  -1.3289170e+05  -1.4026308e+05  -1.4025138e+05  -1.4494150e+05  -1.3783954e+05
  -1.3288672e+05  -1.4020649e+05  -1.4016487e+05  -1.4496453e+05  -1.3777137e+05
  -1.3293768e+05  -1.4014431e+05  -1.4045280e+05  -1.4484823e+05  -1.3793964e+05
  -1.3293644e+05  -1.4011994e+05  -1.4063131e+05  -1.4479001e+05  -1.3794241e+05
  -1.3290425e+05  -1.4013964e+05  -1.4098716e+05  -1.4460272e+05  -1.3770751e+05
  -1.3294164e+05  -1.4000853e+05  -1.4097681e+05  -1.4496131e+05  -1.3765501e+05
  -1.3302358e+05  -1.3954893e+05  -1.4099643e+05  -1.4491161e+05  -1.3750005e+05
  -1.3348613e+05  -1.3943987e+05  -1.4105526e+05  -1.4498679e+05  -1.3746965e+05
  -1.3190596e+05  -1.3947686e+05  -1.4103868e+05  -1.4504447e+05  -1.3772622e+05
  -1.3183822e+05  -1.3956171e+05  -1.4121443e+05  -1.4509368e+05  -1.3775739e+05
  -1.3179574e+05  -1.3957252e+05  -1.4123007e+05  -1.4508303e+05  -1.3774756e+05
  -1.3133436e+05  -1.3962993e+05  -1.4127216e+05  -1.4423248e+05  -1.3765835e+05
  -1.3106600e+05  -1.3959946e+05  -1.4132368e+05  -1.4383554e+05  -1.3764910e+05
  -1.3094556e+05  -1.3962358e+05  -1.4127369e+05  -1.4367899e+05  -1.3760007e+05
  -1.3091177e+05  -1.3967462e+05  -1.4132904e+05  -1.4366252e+05  -1.3769243e+05
  -1.3084388e+05  -1.3968141e+05  -1.4134599e+05  -1.4382473e+05  -1.3770903e+05
  -1.3081724e+05  -1.3973983e+05  -1.4139338e+05  -1.4384114e+05  -1.3740955e+05
  -1.3081219e+05  -1.3985817e+05  -1.4139170e+05  -1.4292263e+05  -1.3769437e+05
  -1.3083737e+05  -1.4051800e+05  -1.4140535e+05  -1.4286789e+05  -1.3781742e+05
  -1.3081721e+05  -1.4089652e+05  -1.4472539e+05  -1.4272812e+05  -1.3800714e+05
  -1.3074695e+05  -1.4090115e+05  -1.4473861e+05  -1.4285757e+05  -1.3759423e+05
  -1.3077974e+05  -1.4094021e+05  -1.4474308e+05  -1.4287127e+05  -1.3723206e+05
  -1.3010950e+05  -1.4096112e+05  -1.4476117e+05  -1.4284771e+05  -1.3724629e+05
  -1.3016115e+05  -1.4092921e+05  -1.4477643e+05  -1.4287233e+05  -1.3716705e+05
  -1.3001534e+05  -1.4087161e+05  -1.4478096e+05  -1.4297020e+05  -1.3737532e+05
  -1.3034203e+05  -1.4090863e+05  -1.4477773e+05  -1.4288622e+05  -1.3724562e+05
  -1.3035183e+05  -1.4070233e+05  -1.4479305e+05  -1.4287181e+05  -1.3724205e+05
  -1.3038948e+05  -1.4070815e+05  -1.4485463e+05  -1.4290686e+05  -1.3721398e+05
  -1.3036014e+05  -1.4032915e+05  -1.4482330e+05  -1.4291700e+05  -1.3700861e+05
  -1.3030822e+05  -1.4018307e+05  -1.4437019e+05  -1.4297906e+05  -1.3699994e+05
  -1.3025592e+05  -1.4006476e+05  -1.4431580e+05  -1.4319997e+05  -1.3693980e+05
  -1.3023422e+05  -1.4000475e+05  -1.4436513e+05  -1.4320943e+05  -1.3681175e+05
  -1.3005522e+05  -1.3991964e+05  -1.4420872e+05  -1.4307631e+05  -1.3643713e+05
  -1.3006344e+05  -1.3980262e+05  -1.4411216e+05  -1.4303907e+05  -1.3636143e+05
  -1.3010745e+05  -1.3971712e+05  -1.4385895e+05  -1.4290641e+05  -1.3626488e+05
  -1.3054298e+05  -1.3968339e+05  -1.4390699e+05  -1.4220143e+05  -1.3637133e+05
  -1.3045495e+05  -1.3963467e+05  -1.4390851e+05  -1.4226732e+05  -1.3672420e+05
  -1.2914783e+05  -1.3964112e+05  -1.4390128e+05  -1.4213060e+05  -1.3682139e+05
  -1.2884465e+05  -1.3978449e+05  -1.4411741e+05  -1.4210249e+05  -1.3743027e+05
  -1.2878242e+05  -1.3969646e+05  -1.4405650e+05  -1.4212630e+05  -1.3755642e+05
  -1.2908245e+05  -1.3977080e+05  -1.4407336e+05  -1.4212596e+05  -1.3889993e+05
  -1.2998767e+05  -1.4012078e+05  -1.4411164e+05  -1.4264338e+05  -1.3911202e+05
  -1.3011268e+05  -1.4012177e+05  -1.4412605e+05  -1.4281990e+05  -1.3948632e+05
  -1.3019555e+05  -1.4008333e+05  -1.4450815e+05  -1.4295435e+05  -1.3961880e+05
  -1.3026633e+05  -1.4006000e+05  -1.4446283e+05  -1.4322196e+05  -1.3956929e+05
  -1.3038080e+05  -1.4009803e+05  -1.4454577e+05  -1.4309921e+05  -1.3957366e+05
  -1.3063941e+05  -1.4029056e+05  -1.4472192e+05  -1.4326997e+05  -1.3973200e+05
  -1.3090414e+05  -1.4017635e+05  -1.4484629e+05  -1.4334137e+05  -1.3951852e+05
  -1.3179086e+05  -1.3964112e+05  -1.4530885e+05  -1.4356595e+05  -1.3967377e+05
  -1.3193782e+05  -1.3911933e+05  -1.4257247e+05  -1.4361202e+05  -1.3960468e+05
  -1.3194290e+05  -1.3903716e+05  -1.4251276e+05  -1.4359037e+05  -1.3952702e+05
  -1.3215343e+05  -1.3901516e+05  -1.4251821e+05  -1.4362890e+05  -1.3949499e+05
  -1.3214126e+05  -1.3894408e+05  -1.4251457e+05  -1.4361700e+05  -1.3946998e+05
  -1.3215793e+05  -1.3912036e+05  -1.4260763e+05  -1.4373155e+05  -1.3945985e+05
  -1.3220116e+05  -1.3921662e+05  -1.4274966e+05  -1.4371024e+05  -1.3924244e+05
  -1.3392419e+05  -1.3950566e+05  -1.4287021e+05  -1.4406933e+05  -1.3935746e+05
  -1.3439288e+05  -1.3953507e+05  -1.4287643e+05  -1.4423436e+05  -1.3939789e+05
  -1.3446876e+05  -1.3955106e+05  -1.4280959e+05  -1.4424880e+05  -1.3938168e+05
  -1.3476557e+05  -1.3962067e+05  -1.4287701e+05  -1.4440069e+05  -1.3949156e+05
  -1.3529285e+05  -1.3968396e+05  -1.4288865e+05  -1.4455393e+05  -1.3958074e+05
  -1.3568970e+05  -1.4009452e+05  -1.4300635e+05  -1.4457360e+05  -1.3985371e+05
  -1.3582947e+05  -1.4047976e+05  -1.4302288e+05  -1.4479773e+05  -1.3985600e+05
  -1.3612813e+05  -1.4108234e+05  -1.4315774e+05  -1.4508999e+05  -1.3988828e+05
  -1.3609915e+05  -1.4137812e+05  -1.4335308e+05  -1.4528811e+05  -1.3993171e+05
  -1.3622981e+05  -1.4167011e+05  -1.4378821e+05  -1.4601916e+05  -1.4016784e+05
  -1.3600583e+05  -1.4164265e+05  -1.4380120e+05  -1.4611900e+05  -1.4012261e+05
  -1.3604350e+05  -1.4167376e+05  -1.4385315e+05  -1.4613479e+05  -1.4001626e+05
  -1.3597278e+05  -1.4178424e+05  -1.4407402e+05  -1.4606374e+05  -1.3997149e+05
  -1.3653116e+05  -1.4205369e+05  -1.4404555e+05  -1.4614421e+05  -1.3972392e+05
  -1.3647439e+05  -1.4202037e+05  -1.4399017e+05  -1.4608202e+05  -1.3963679e+05
  -1.3643903e+05  -1.4192727e+05  -1.4397181e+05  -1.4598361e+05  -1.3883893e+05
  -1.3641611e+05  -1.4175724e+05  -1.4393087e+05  -1.4577134e+05  -1.3876827e+05
  -1.3648381e+05  -1.4171381e+05  -1.4389740e+05  -1.4586881e+05  -1.3840750e+05
  -1.3643986e+05  -1.4176405e+05  -1.4353174e+05  -1.4588429e+05  -1.3836581e+05
  -1.3631692e+05  -1.4176636e+05  -1.4349382e+05  -1.4576929e+05  -1.3834274e+05
  -1.3622148e+05  -1.4173356e+05  -1.4347809e+05  -1.4575982e+05  -1.3838942e+05
  -1.3618469e+05  -1.4168755e+05  -1.4341303e+05  -1.4574805e+05  -1.3822434e+05
  -1.3627728e+05  -1.4176497e+05  -1.4342546e+05  -1.4582333e+05  -1.3847733e+05
  -1.3619680e+05  -1.4165124e+05  -1.4354161e+05  -1.4579929e+05  -1.3856526e+05
  -1.3615931e+05  -1.4168202e+05  -1.4358417e+05  -1.4579857e+05  -1.3855171e+05
  -1.3608780e+05  -1.4170459e+05  -1.4360897e+05  -1.4590671e+05  -1.3857755e+05
  -1.3618142e+05  -1.4172010e+05  -1.4364694e+05  -1.4590434e+05  -1.3861818e+05
  -1.3614187e+05  -1.4170692e+05  -1.4376682e+05  -1.4587402e+05  -1.3859595e+05
  -1.3607974e+05  -1.4184641e+05  -1.4380095e+05  -1.4582773e+05  -1.3863518e+05
  -1.3608283e+05  -1.4186125e+05  -1.4377697e+05  -1.4582690e+05  -1.3858128e+05
  -1.3560570e+05  -1.4182139e+05  -1.4378409e+05  -1.4579533e+05  -1.3853917e+05
  -1.3542974e+05  -1.4183141e+05  -1.4385282e+05  -1.4578147e+05  -1.3848956e+05
  -1.3537391e+05  -1.4178196e+05  -1.4384296e+05  -1.4572819e+05  -1.3843974e+05
  -1.3578233e+05  -1.4182636e+05  -1.4405523e+05  -1.4574032e+05  -1.3835262e+05
  -1.3550340e+05  -1.4182845e+05  -1.4405848e+05  -1.4564750e+05  -1.3825806e+05
  -1.3535636e+05  -1.4173883e+05  -1.4403995e+05  -1.4564718e+05  -1.3790299e+05
  -1.3528758e+05  -1.4166437e+05  -1.4409119e+05  -1.4554722e+05  -1.3797496e+05
  -1.3499465e+05  -1.4123693e+05  -1.4403122e+05  -1.4536698e+05  -1.3806777e+05
  -1.3507911e+05  -1.4140718e+05  -1.4398882e+05  -1.4538666e+05  -1.3814353e+05
  -1.3489088e+05  -1.4129534e+05  -1.4361952e+05  -1.4476796e+05  -1.3780333e+05
  -1.3486708e+05  -1.4135583e+05  -1.4370406e+05  -1.4470577e+05  -1.3805799e+05
  -1.3477433e+05  -1.4130447e+05  -1.4362494e+05  -1.4458273e+05  -1.3833697e+05
  -1.3480604e+05  -1.4124247e+05  -1.4340714e+05  -1.4458000e+05  -1.3850622e+05
  -1.3397982e+05  -1.4089404e+05  -1.4332774e+05  -1.4436833e+05  -1.3840821e+05
  -1.3387763e+05  -1.4091971e+05  -1.4332477e+05  -1.4425494e+05  -1.3844265e+05
  -1.3379900e+05  -1.4095056e+05  -1.4331113e+05  -1.4423977e+05  -1.3875111e+05
  -1.3356598e+05  -1.4088526e+05  -1.4328722e+05  -1.4417947e+05  -1.3870378e+05
  -1.3329893e+05  -1.4095868e+05  -1.4330880e+05  -1.4380781e+05  -1.3877743e+05
  -1.3321797e+05  -1.4093123e+05  -1.4331308e+05  -1.4357495e+05  -1.3873015e+05
  -1.3318475e+05  -1.4084660e+05  -1.4332900e+05  -1.4340435e+05  -1.3875923e+05
  -1.3323818e+05  -1.4087941e+05  -1.4336998e+05  -1.4339039e+05  -1.3891062e+05
  -1.3310973e+05  -1.4085306e+05  -1.4333233e+05  -1.4323357e+05  -1.3894966e+05
  -1.3261529e+05  -1.4077873e+05  -1.4321162e+05  -1.4303371e+05  -1.3874002e+05
  -1.3251763e+05  -1.4082199e+05  -1.4269308e+05  -1.4301820e+05  -1.3848831e+05
  -1.3243879e+05  -1.4089764e+05  -1.4280071e+05  -1.4317574e+05  -1.3854802e+05
  -1.3255707e+05  -1.4093966e+05  -1.4276510e+05  -1.4315982e+05  -1.3853244e+05
  -1.3234791e+05  -1.4090235e+05  -1.4277904e+05  -1.4320229e+05  -1.3866224e+05
  -1.3240382e+05  -1.4086146e+05  -1.4265131e+05  -1.4324875e+05  -1.3882893e+05
  -1.3240329e+05  -1.4053455e+05  -1.4249142e+05  -1.4326847e+05  -1.3878978e+05
  -1.3248784e+05  -1.4051744e+05  -1.4245655e+05  -1.4333857e+05  -1.3881275e+05
  -1.3275775e+05  -1.4067378e+05  -1.4257819e+05  -1.4351627e+05  -1.3893575e+05
  -1.3282730e+05  -1.4072797e+05  -1.4255167e+05  -1.4355629e+05  -1.3900382e+05
  -1.3338781e+05  -1.4083944e+05  -1.4261718e+05  -1.4363844e+05  -1.3904347e+05
