  -1.3726817e+05  -1.4471357e+05  -1.4910211e+05  -1.4724553e+05  -1.3884154e+05
  -1.3726843e+05  -1.4472504e+05  -1.4913727e+05  -1.4722795e+05  -1.3884815e+05
  -1.3726502e+05  -1.4474546e+05  -1.4913585e+05  -1.4725172e+05  -1.3875318e+05
  -1.3724823e+05  -1.4479055e+05  -1.4897477e+05  -1.4723360e+05  -1.3883974e+05
  -1.3698076e+05  -1.4481314e+05  -1.4896549e+05  -1.4731006e+05  -1.3891288e+05
  -1.3697451e+05  -1.4484694e+05  -1.4900196e+05  -1.4734906e+05  -1.3915372e+05
  -1.3697069e+05  -1.4487422e+05  -1.4916277e+05  -1.4758060e+05  -1.3923760e+05
  -1.3687786e+05  -1.4493878e+05  -1.4917301e+05  -1.4818657e+05  -1.3932494e+05
  -1.3699536e+05  -1.4496295e+05  -1.4918283e+05  -1.4819034e+05  -1.3925156e+05
  -1.3700910e+05  -1.4496747e+05  -1.4919562e+05  -1.4816650e+05  -1.3901317e+05
  -1.3641099e+05  -1.4499768e+05  -1.4918944e+05  -1.4816055e+05  -1.3909253e+05
  -1.3610213e+05  -1.4499262e+05  -1.4630469e+05  -1.4821393e+05  -1.3848724e+05
  -1.3611694e+05  -1.4471157e+05  -1.4584346e+05  -1.4823863e+05  -1.3842160e+05
  -1.3643508e+05  -1.4495919e+05  -1.4464259e+05  -1.4824774e+05  -1.3901302e+05
  -1.3637340e+05  -1.4497212e+05  -1.4422824e+05  -1.4828522e+05  -1.3911113e+05
  -1.3498566e+05  -1.4488608e+05  -1.4352036e+05  -1.4831017e+05  -1.3948396e+05
  -1.3474000e+05  -1.4489317e+05  -1.4350933e+05  -1.4820990e+05  -1.3957048e+05
  -1.3464135e+05  -1.4489347e+05  -1.4340902e+05  -1.4791102e+05  -1.3958330e+05
  -1.3462237e+05  -1.4488957e+05  -1.4344277e+05  -1.4793095e+05  -1.3965750e+05
  -1.3465926e+05  -1.4463207e+05  -1.4337287e+05  -1.4792115e+05  -1.3978994e+05
  -1.3443047e+05  -1.4464364e+05  -1.4307203e+05  -1.4769882e+05  -1.3976163e+05
  -1.3438821e+05  -1.4461855e+05  -1.4291435e+05  -1.4767306e+05  -1.3952815e+05
  -1.3441498e+05  -1.4459983e+05  -1.4288002e+05  -1.4656034e+05  -1.3947504e+05
  -1.3449210e+05  -1.4453771e+05  -1.4287834e+05  -1.4653315e+05  -1.3950193e+05
  -1.3449824e+05  -1.4433913e+05  -1.4280793e+05  -1.4636731e+05  -1.3951895e+05
  -1.3432483e+05  -1.4403383e+05  -1.4278317e+05  -1.4606101e+05  -1.3949005e+05
  -1.3384245e+05  -1.4210466e+05  -1.4276035e+05  -1.4565293e+05  -1.3935941e+05
  -1.3380678e+05  -1.4187994e+05  -1.4274986e+05  -1.4546647e+05  -1.3945995e+05
  -1.3379823e+05  -1.4189670e+05  -1.4277413e+05  -1.4508555e+05  -1.3963652e+05
  -1.3374139e+05  -1.4186048e+05  -1.4280047e+05  -1.4503738e+05  -1.4080553e+05
  -1.3380283e+05  -1.4179340e+05  -1.4287656e+05  -1.4503305e+05  -1.4082152e+05
  -1.3383367e+05  -1.4176409e+05  -1.4277422e+05  -1.4506341e+05  -1.4083082e+05
  -1.3393155e+05  -1.4170768e+05  -1.4270336e+05  -1.4501873e+05  -1.4082961e+05
  -1.3393588e+05  -1.4161293e+05  -1.4267456e+05  -1.4502963e+05  -1.4075168e+05
  -1.3392631e+05  -1.4162442e+05  -1.4266021e+05  -1.4491958e+05  -1.4076818e+05
  -1.3393587e+05  -1.4153075e+05  -1.4259096e+05  -1.4473596e+05  -1.4122551e+05
  -1.3367447e+05  -1.4150572e+05  -1.4170783e+05  -1.4419492e+05  -1.4104296e+05
  -1.3361591e+05  -1.4136567e+05  -1.4156870e+05  -1.4258024e+05  -1.4103876e+05
  -1.3325408e+05  -1.4133207e+05  -1.4158956e+05  -1.4234859e+05  -1.4101087e+05
  -1.3309682e+05  -1.4099361e+05  -1.4149353e+05  -1.4230661e+05  -1.4112791e+05
  -1.3295359e+05  -1.4094888e+05  -1.4155308e+05  -1.4216335e+05  -1.4107430e+05
  -1.3287574e+05  -1.4082186e+05  -1.4147512e+05  -1.4160950e+05  -1.4107932e+05
  -1.3254781e+05  -1.4082816e+05  -1.4121351e+05  -1.4149924e+05  -1.4109296e+05
  -1.3147116e+05  -1.4001553e+05  -1.4111612e+05  -1.4139163e+05  -1.4085677e+05
  -1.3134130e+05  -1.3978348e+05  -1.4122004e+05  -1.4099273e+05  -1.4084105e+05
  -1.3111948e+05  -1.3962747e+05  -1.4128984e+05  -1.4050830e+05  -1.4070277e+05
  -1.3115589e+05  -1.3951208e+05  -1.4123540e+05  -1.4038610e+05  -1.4066424e+05
  -1.3149454e+05  -1.3951674e+05  -1.4130079e+05  -1.4044828e+05  -1.4073343e+05
  -1.3147244e+05  -1.3947179e+05  -1.4136796e+05  -1.4056985e+05  -1.4068361e+05
  -1.3173792e+05  -1.3944835e+05  -1.4141050e+05  -1.4088671e+05  -1.4077263e+05
  -1.3162153e+05  -1.3921652e+05  -1.4138622e+05  -1.4171685e+05  -1.4073522e+05
  -1.3158746e+05  -1.3908589e+05  -1.4130544e+05  -1.4175733e+05  -1.4074743e+05
  -1.3153339e+05  -1.3913073e+05  -1.4129504e+05  -1.4186934e+05  -1.4081116e+05
  -1.3158488e+05  -1.3882867e+05  -1.4123369e+05  -1.4168231e+05  -1.4083675e+05
  -1.3160387e+05  -1.3908005e+05  -1.4127154e+05  -1.4203393e+05  -1.4085103e+05
  -1.3162265e+05  -1.3933545e+05  -1.4130331e+05  -1.4211897e+05  -1.4092434e+05
  -1.3159993e+05  -1.3955571e+05  -1.4124897e+05  -1.4247319e+05  -1.4103372e+05
  -1.3154469e+05  -1.3985106e+05  -1.4127912e+05  -1.4262405e+05  -1.4097550e+05
  -1.3160601e+05  -1.3986064e+05  -1.4130476e+05  -1.4297452e+05  -1.4079927e+05
  -1.3161940e+05  -1.3986875e+05  -1.4121343e+05  -1.4304425e+05  -1.3951870e+05
  -1.3161098e+05  -1.3989624e+05  -1.4107930e+05  -1.4303352e+05  -1.3944528e+05
  -1.3163636e+05  -1.3988623e+05  -1.4104942e+05  -1.4310835e+05  -1.3941787e+05
  -1.3143808e+05  -1.3987869e+05  -1.4093292e+05  -1.4323675e+05  -1.3937587e+05
  -1.3154555e+05  -1.4008160e+05  -1.4102855e+05  -1.4340049e+05  -1.3939745e+05
  -1.3148119e+05  -1.4021194e+05  -1.4138198e+05  -1.4341041e+05  -1.3925646e+05
  -1.3147090e+05  -1.4027561e+05  -1.4141152e+05  -1.4348675e+05  -1.3824241e+05
  -1.3148659e+05  -1.4024890e+05  -1.4148450e+05  -1.4356331e+05  -1.3835739e+05
  -1.3144287e+05  -1.4022067e+05  -1.4153563e+05  -1.4364728e+05  -1.3815453e+05
  -1.3196478e+05  -1.4013753e+05  -1.4155133e+05  -1.4364095e+05  -1.3807854e+05
  -1.3246906e+05  -1.4003652e+05  -1.4152320e+05  -1.4360486e+05  -1.3775092e+05
  -1.3231852e+05  -1.3996348e+05  -1.4220700e+05  -1.4360576e+05  -1.3772452e+05
  -1.3231051e+05  -1.3995598e+05  -1.4216593e+05  -1.4368331e+05  -1.3775467e+05
  -1.3230471e+05  -1.3993986e+05  -1.4200900e+05  -1.4366550e+05  -1.3773603e+05
  -1.3233467e+05  -1.4001664e+05  -1.4161413e+05  -1.4359757e+05  -1.3743865e+05
  -1.3236737e+05  -1.4019873e+05  -1.4150236e+05  -1.4384644e+05  -1.3715568e+05
  -1.3230154e+05  -1.4028360e+05  -1.4135919e+05  -1.4392064e+05  -1.3678635e+05
  -1.3222389e+05  -1.4033260e+05  -1.4139246e+05  -1.4422793e+05  -1.3710032e+05
  -1.3186535e+05  -1.4046381e+05  -1.4125772e+05  -1.4420723e+05  -1.3698282e+05
  -1.3180472e+05  -1.4087164e+05  -1.4100953e+05  -1.4417817e+05  -1.3717521e+05
  -1.3134177e+05  -1.4087461e+05  -1.4102027e+05  -1.4400951e+05  -1.3678308e+05
  -1.3313178e+05  -1.4082387e+05  -1.4103269e+05  -1.4350813e+05  -1.3674763e+05
  -1.3319248e+05  -1.4080874e+05  -1.4103147e+05  -1.4336062e+05  -1.3675361e+05
  -1.3320227e+05  -1.4084223e+05  -1.4105223e+05  -1.4326419e+05  -1.3663832e+05
  -1.3331144e+05  -1.4078353e+05  -1.4100062e+05  -1.4429576e+05  -1.3661123e+05
  -1.3345077e+05  -1.4056086e+05  -1.4087706e+05  -1.4452056e+05  -1.3655826e+05
  -1.3347957e+05  -1.4032064e+05  -1.4087870e+05  -1.4465385e+05  -1.3648091e+05
  -1.3347815e+05  -1.4014076e+05  -1.4094044e+05  -1.4448574e+05  -1.3621828e+05
  -1.3351877e+05  -1.3985991e+05  -1.4091927e+05  -1.4440266e+05  -1.3605171e+05
  -1.3345189e+05  -1.3945161e+05  -1.4085768e+05  -1.4417358e+05  -1.3634239e+05
  -1.3345442e+05  -1.3944068e+05  -1.4082481e+05  -1.4498833e+05  -1.3635977e+05
  -1.3346198e+05  -1.3947004e+05  -1.4081918e+05  -1.4508691e+05  -1.3637292e+05
  -1.3345783e+05  -1.3945170e+05  -1.4083338e+05  -1.4516636e+05  -1.3639305e+05
  -1.3344118e+05  -1.3950474e+05  -1.4087768e+05  -1.4507637e+05  -1.3707279e+05
  -1.3333375e+05  -1.3924582e+05  -1.4080602e+05  -1.4500237e+05  -1.3745980e+05
  -1.3369887e+05  -1.3900678e+05  -1.4035491e+05  -1.4503021e+05  -1.3746927e+05
  -1.3369054e+05  -1.3898997e+05  -1.4023502e+05  -1.4497120e+05  -1.3749994e+05
  -1.3367873e+05  -1.3913139e+05  -1.4021701e+05  -1.4502017e+05  -1.3753088e+05
  -1.3366337e+05  -1.3924469e+05  -1.4009872e+05  -1.4503420e+05  -1.3767022e+05
  -1.3329745e+05  -1.3956629e+05  -1.3985200e+05  -1.4505853e+05  -1.3768175e+05
  -1.3285590e+05  -1.3958589e+05  -1.3988865e+05  -1.4504811e+05  -1.3771303e+05
  -1.3285180e+05  -1.4005222e+05  -1.3882620e+05  -1.4504241e+05  -1.3785965e+05
  -1.3287232e+05  -1.4022414e+05  -1.4012220e+05  -1.4496112e+05  -1.3784583e+05
  -1.3289935e+05  -1.4027785e+05  -1.4028965e+05  -1.4495640e+05  -1.3784566e+05
  -1.3289780e+05  -1.4022770e+05  -1.4020495e+05  -1.4498117e+05  -1.3778060e+05
  -1.3295072e+05  -1.4016336e+05  -1.4048655e+05  -1.4486959e+05  -1.3795122e+05
  -1.3295042e+05  -1.4013802e+05  -1.4066486e+05  -1.4481332e+05  -1.3795501e+05
  -1.3291921e+05  -1.4015907e+05  -1.4102139e+05  -1.4462685e+05  -1.3771988e+05
  -1.3295552e+05  -1.4002318e+05  -1.4100957e+05  -1.4498031e+05  -1.3766895e+05
  -1.3304058e+05  -1.3956487e+05  -1.4103212e+05  -1.4492753e+05  -1.3751117e+05
  -1.3350735e+05  -1.3945432e+05  -1.4108917e+05  -1.4500000e+05  -1.3747650e+05
  -1.3192853e+05  -1.3949149e+05  -1.4106735e+05  -1.4505552e+05  -1.3772983e+05
  -1.3185958e+05  -1.3958026e+05  -1.4123883e+05  -1.4510423e+05  -1.3775995e+05
  -1.3181873e+05  -1.3959680e+05  -1.4125237e+05  -1.4509832e+05  -1.3775138e+05
  -1.3135949e+05  -1.3965158e+05  -1.4128965e+05  -1.4424087e+05  -1.3766218e+05
  -1.3109014e+05  -1.3961936e+05  -1.4133601e+05  -1.4384733e+05  -1.3765259e+05
  -1.3097461e+05  -1.3964243e+05  -1.4128712e+05  -1.4368947e+05  -1.3759932e+05
  -1.3093733e+05  -1.3969475e+05  -1.4134827e+05  -1.4367393e+05  -1.3769051e+05
  -1.3086657e+05  -1.3970312e+05  -1.4136367e+05  -1.4383500e+05  -1.3770743e+05
  -1.3083731e+05  -1.3976147e+05  -1.4140872e+05  -1.4385033e+05  -1.3740712e+05
  -1.3082948e+05  -1.3987666e+05  -1.4140344e+05  -1.4292875e+05  -1.3769097e+05
  -1.3085487e+05  -1.4053267e+05  -1.4141664e+05  -1.4287137e+05  -1.3781393e+05
  -1.3083692e+05  -1.4091052e+05  -1.4472508e+05  -1.4272920e+05  -1.3800415e+05
  -1.3076724e+05  -1.4091702e+05  -1.4473936e+05  -1.4286055e+05  -1.3759031e+05
  -1.3079738e+05  -1.4095495e+05  -1.4474217e+05  -1.4287295e+05  -1.3722823e+05
  -1.3012829e+05  -1.4097668e+05  -1.4475919e+05  -1.4284779e+05  -1.3724225e+05
  -1.3017599e+05  -1.4094508e+05  -1.4477446e+05  -1.4287014e+05  -1.3716209e+05
  -1.3002854e+05  -1.4088880e+05  -1.4477752e+05  -1.4296618e+05  -1.3737055e+05
  -1.3035629e+05  -1.4093005e+05  -1.4477439e+05  -1.4288380e+05  -1.3724227e+05
  -1.3036927e+05  -1.4072591e+05  -1.4478943e+05  -1.4286956e+05  -1.3723963e+05
  -1.3040622e+05  -1.4073247e+05  -1.4485195e+05  -1.4290386e+05  -1.3721209e+05
  -1.3037227e+05  -1.4035004e+05  -1.4481861e+05  -1.4291263e+05  -1.3700678e+05
  -1.3032148e+05  -1.4020258e+05  -1.4436497e+05  -1.4297286e+05  -1.3699852e+05
  -1.3026809e+05  -1.4008196e+05  -1.4430999e+05  -1.4319551e+05  -1.3693800e+05
  -1.3024459e+05  -1.4002082e+05  -1.4435920e+05  -1.4320634e+05  -1.3681012e+05
  -1.3006237e+05  -1.3993060e+05  -1.4420313e+05  -1.4307206e+05  -1.3643300e+05
  -1.3006799e+05  -1.3981252e+05  -1.4410590e+05  -1.4303427e+05  -1.3635670e+05
  -1.3011219e+05  -1.3972531e+05  -1.4385267e+05  -1.4290264e+05  -1.3626116e+05
  -1.3054629e+05  -1.3969341e+05  -1.4390118e+05  -1.4220017e+05  -1.3636655e+05
  -1.3045869e+05  -1.3964409e+05  -1.4390247e+05  -1.4226760e+05  -1.3672124e+05
  -1.2914853e+05  -1.3965127e+05  -1.4389645e+05  -1.4213257e+05  -1.3681774e+05
  -1.2884633e+05  -1.3979409e+05  -1.4411183e+05  -1.4210430e+05  -1.3742901e+05
  -1.2878499e+05  -1.3970393e+05  -1.4405107e+05  -1.4213020e+05  -1.3755516e+05
  -1.2908486e+05  -1.3977743e+05  -1.4406872e+05  -1.4212989e+05  -1.3889689e+05
  -1.2999182e+05  -1.4012811e+05  -1.4410804e+05  -1.4265076e+05  -1.3910977e+05
  -1.3011756e+05  -1.4013048e+05  -1.4412370e+05  -1.4282322e+05  -1.3948508e+05
  -1.3020526e+05  -1.4009557e+05  -1.4450741e+05  -1.4295973e+05  -1.3961850e+05
  -1.3027917e+05  -1.4007464e+05  -1.4446155e+05  -1.4322821e+05  -1.3957063e+05
  -1.3039530e+05  -1.4011213e+05  -1.4454529e+05  -1.4310493e+05  -1.3957468e+05
  -1.3065657e+05  -1.4030431e+05  -1.4472239e+05  -1.4327640e+05  -1.3973396e+05
  -1.3092071e+05  -1.4019072e+05  -1.4484548e+05  -1.4335010e+05  -1.3952254e+05
  -1.3181005e+05  -1.3965769e+05  -1.4530734e+05  -1.4358128e+05  -1.3967910e+05
  -1.3195759e+05  -1.3913321e+05  -1.4257479e+05  -1.4362703e+05  -1.3960967e+05
  -1.3196300e+05  -1.3905309e+05  -1.4251661e+05  -1.4360374e+05  -1.3953497e+05
  -1.3217746e+05  -1.3903521e+05  -1.4252525e+05  -1.4364591e+05  -1.3950522e+05
  -1.3216710e+05  -1.3896318e+05  -1.4252521e+05  -1.4363772e+05  -1.3947979e+05
  -1.3218327e+05  -1.3914055e+05  -1.4262110e+05  -1.4375511e+05  -1.3946941e+05
  -1.3222746e+05  -1.3923944e+05  -1.4276394e+05  -1.4374120e+05  -1.3925633e+05
  -1.3394062e+05  -1.3952461e+05  -1.4288411e+05  -1.4409696e+05  -1.3937304e+05
  -1.3440788e+05  -1.3955523e+05  -1.4289384e+05  -1.4426058e+05  -1.3941322e+05
  -1.3448610e+05  -1.3957109e+05  -1.4283012e+05  -1.4427559e+05  -1.3939801e+05
  -1.3478082e+05  -1.3964050e+05  -1.4289625e+05  -1.4442944e+05  -1.3950672e+05
  -1.3530367e+05  -1.3970493e+05  -1.4290640e+05  -1.4457862e+05  -1.3959562e+05
  -1.3569991e+05  -1.4011519e+05  -1.4302343e+05  -1.4459451e+05  -1.3987162e+05
  -1.3583729e+05  -1.4049768e+05  -1.4304008e+05  -1.4481397e+05  -1.3987260e+05
  -1.3614101e+05  -1.4110147e+05  -1.4317407e+05  -1.4510767e+05  -1.3990598e+05
  -1.3611241e+05  -1.4139991e+05  -1.4337132e+05  -1.4531277e+05  -1.3994923e+05
  -1.3624319e+05  -1.4169503e+05  -1.4380496e+05  -1.4603978e+05  -1.4019094e+05
  -1.3602261e+05  -1.4167004e+05  -1.4382227e+05  -1.4614108e+05  -1.4014947e+05
  -1.3606012e+05  -1.4170432e+05  -1.4387651e+05  -1.4615766e+05  -1.4004085e+05
  -1.3598998e+05  -1.4181995e+05  -1.4409121e+05  -1.4608927e+05  -1.4000041e+05
  -1.3655057e+05  -1.4209314e+05  -1.4406403e+05  -1.4617805e+05  -1.3975458e+05
  -1.3649370e+05  -1.4206195e+05  -1.4401014e+05  -1.4611277e+05  -1.3966888e+05
  -1.3645809e+05  -1.4196295e+05  -1.4399020e+05  -1.4601295e+05  -1.3887631e+05
  -1.3643087e+05  -1.4179343e+05  -1.4394841e+05  -1.4579897e+05  -1.3880787e+05
  -1.3649514e+05  -1.4175026e+05  -1.4391567e+05  -1.4589674e+05  -1.3844565e+05
  -1.3644833e+05  -1.4180360e+05  -1.4355117e+05  -1.4591570e+05  -1.3840319e+05
  -1.3632803e+05  -1.4180525e+05  -1.4351536e+05  -1.4580167e+05  -1.3838130e+05
  -1.3623181e+05  -1.4177423e+05  -1.4350083e+05  -1.4579396e+05  -1.3843469e+05
  -1.3619528e+05  -1.4173355e+05  -1.4343550e+05  -1.4578196e+05  -1.3827299e+05
  -1.3628171e+05  -1.4180758e+05  -1.4345092e+05  -1.4585528e+05  -1.3852422e+05
  -1.3619795e+05  -1.4169598e+05  -1.4356976e+05  -1.4582941e+05  -1.3861605e+05
  -1.3615889e+05  -1.4172558e+05  -1.4361167e+05  -1.4582687e+05  -1.3860180e+05
  -1.3608811e+05  -1.4175146e+05  -1.4363732e+05  -1.4593773e+05  -1.3862564e+05
  -1.3618029e+05  -1.4176928e+05  -1.4367577e+05  -1.4593633e+05  -1.3866381e+05
  -1.3613994e+05  -1.4175654e+05  -1.4378961e+05  -1.4590759e+05  -1.3864309e+05
  -1.3608000e+05  -1.4189595e+05  -1.4382056e+05  -1.4586415e+05  -1.3868482e+05
  -1.3608305e+05  -1.4190725e+05  -1.4379837e+05  -1.4586087e+05  -1.3863321e+05
  -1.3560768e+05  -1.4186882e+05  -1.4380763e+05  -1.4583041e+05  -1.3859094e+05
  -1.3542959e+05  -1.4188034e+05  -1.4387122e+05  -1.4581698e+05  -1.3854095e+05
  -1.3537303e+05  -1.4183313e+05  -1.4386169e+05  -1.4576671e+05  -1.3849201e+05
  -1.3577977e+05  -1.4188153e+05  -1.4407835e+05  -1.4577729e+05  -1.3840135e+05
  -1.3550356e+05  -1.4188880e+05  -1.4409055e+05  -1.4569890e+05  -1.3831275e+05
  -1.3535842e+05  -1.4179977e+05  -1.4407339e+05  -1.4570036e+05  -1.3795652e+05
  -1.3529083e+05  -1.4173112e+05  -1.4412664e+05  -1.4560406e+05  -1.3803826e+05
  -1.3499516e+05  -1.4130863e+05  -1.4407090e+05  -1.4542377e+05  -1.3813975e+05
  -1.3507902e+05  -1.4147435e+05  -1.4402713e+05  -1.4543969e+05  -1.3822258e+05
  -1.3489019e+05  -1.4136190e+05  -1.4366613e+05  -1.4483651e+05  -1.3787275e+05
  -1.3486413e+05  -1.4142533e+05  -1.4374718e+05  -1.4477670e+05  -1.3812033e+05
  -1.3477133e+05  -1.4137455e+05  -1.4366794e+05  -1.4465757e+05  -1.3839018e+05
  -1.3480323e+05  -1.4131134e+05  -1.4345885e+05  -1.4465121e+05  -1.3855422e+05
  -1.3397525e+05  -1.4096103e+05  -1.4337641e+05  -1.4443594e+05  -1.3845467e+05
  -1.3387332e+05  -1.4098650e+05  -1.4337247e+05  -1.4432640e+05  -1.3849036e+05
  -1.3379331e+05  -1.4101830e+05  -1.4335814e+05  -1.4431265e+05  -1.3879312e+05
  -1.3356134e+05  -1.4094901e+05  -1.4333376e+05  -1.4424888e+05  -1.3874169e+05
  -1.3329765e+05  -1.4103161e+05  -1.4336242e+05  -1.4389129e+05  -1.3881915e+05
  -1.3321774e+05  -1.4100136e+05  -1.4336458e+05  -1.4365616e+05  -1.3877164e+05
  -1.3318138e+05  -1.4091469e+05  -1.4337718e+05  -1.4348701e+05  -1.3879324e+05
  -1.3323461e+05  -1.4094521e+05  -1.4341098e+05  -1.4346282e+05  -1.3893348e+05
  -1.3310520e+05  -1.4091707e+05  -1.4337479e+05  -1.4330982e+05  -1.3897202e+05
  -1.3262014e+05  -1.4084824e+05  -1.4325445e+05  -1.4311529e+05  -1.3876537e+05
  -1.3252395e+05  -1.4088543e+05  -1.4274056e+05  -1.4309824e+05  -1.3850944e+05
  -1.3244589e+05  -1.4095410e+05  -1.4283776e+05  -1.4325199e+05  -1.3856821e+05
  -1.3256416e+05  -1.4099471e+05  -1.4280018e+05  -1.4323480e+05  -1.3855328e+05
  -1.3235526e+05  -1.4094539e+05  -1.4281036e+05  -1.4327050e+05  -1.3867714e+05
  -1.3241368e+05  -1.4090676e+05  -1.4269060e+05  -1.4331657e+05  -1.3884067e+05
  -1.3241259e+05  -1.4057833e+05  -1.4253340e+05  -1.4333043e+05  -1.3880062e+05
  -1.3249509e+05  -1.4055951e+05  -1.4249402e+05  -1.4339639e+05  -1.3882121e+05
  -1.3276102e+05  -1.4071250e+05  -1.4261298e+05  -1.4357006e+05  -1.3894163e+05
  -1.3283259e+05  -1.4076455e+05  -1.4258812e+05  -1.4361300e+05  -1.3900959e+05
  -1.3340116e+05  -1.4087417e+05  -1.4265122e+05  -1.4369199e+05  -1.3904765e+05
